#                                                                            --- full sequence --- -------------- this domain -------------   hmm coord   ali coord   env coord
# target name        accession   tlen query name           accession   qlen   E-value  score  bias   #  of  c-Evalue  i-Evalue  score  bias  from    to  from    to  from    to  acc description of target
#------------------- ---------- ----- -------------------- ---------- ----- --------- ------ ----- --- --- --------- --------- ------ ----- ----- ----- ----- ----- ----- ----- ---- ---------------------
arsM                 -            269 ANPMJJKB_00452       -            269   6.9e-12   35.0   0.0   1   1   9.3e-13     1e-11   34.4   0.0    87   188    48   144    41   159 0.90 -
arsA                 -            346 ANPMJJKB_00779       -            265   3.2e-15   45.6   6.4   1   3   1.2e-12   1.3e-11   33.7   2.6    17    52     5    40     2    51 0.95 -
arsA                 -            346 ANPMJJKB_00779       -            265   3.2e-15   45.6   6.4   2   3      0.13       1.4   -2.5   0.0   133   152   101   120    94   123 0.73 -
arsA                 -            346 ANPMJJKB_00779       -            265   3.2e-15   45.6   6.4   3   3   2.8e-06     3e-05   12.8   0.0   234   271   139   176   130   192 0.88 -
arsM                 -            269 ANPMJJKB_01311       -            261   9.7e-13   37.8   0.0   1   1   1.4e-13   1.5e-12   37.2   0.0   109   192    64   147    37   154 0.86 -
arsM                 -            269 ANPMJJKB_01403       -            235   2.8e-15   46.1   0.0   1   1   3.8e-16   4.2e-15   45.5   0.0    83   187    44   142    32   148 0.89 -
arsM                 -            269 ANPMJJKB_01625       -            250   5.1e-12   35.4   0.0   1   2   1.4e-12   1.6e-11   33.8   0.0    82   174    44   133    40   141 0.86 -
arsM                 -            269 ANPMJJKB_01625       -            250   5.1e-12   35.4   0.0   2   2     0.083      0.92   -1.5   0.0   217   239   168   190   158   200 0.80 -
arsM                 -            269 ANPMJJKB_01826       -            239   1.7e-18   56.7   0.0   1   1     2e-19   2.2e-18   56.3   0.0    81   253    35   208    26   220 0.87 -
aioA                 -            837 ANPMJJKB_01837       -           1032   4.3e-39  123.4   2.1   1   3   7.9e-12   2.9e-11   31.3   0.1    53   239   310   486   301   493 0.75 -
aioA                 -            837 ANPMJJKB_01837       -           1032   4.3e-39  123.4   2.1   2   3   7.4e-18   2.7e-17   51.3   0.1   304   589   527   800   504   812 0.74 -
aioA                 -            837 ANPMJJKB_01837       -           1032   4.3e-39  123.4   2.1   3   3   1.9e-13     7e-13   36.7   0.0   672   787   847   956   826   985 0.90 -
arxA                 -            831 ANPMJJKB_01837       -           1032     2e-29   92.0   2.6   1   2   1.2e-19   4.4e-19   57.8   2.7    40   530   300   760   290   798 0.83 -
arxA                 -            831 ANPMJJKB_01837       -           1032     2e-29   92.0   2.6   2   2     4e-09   1.5e-08   23.0   0.0   680   785   856   957   847   989 0.82 -
arrA                 -            846 ANPMJJKB_01837       -           1032   1.2e-22   69.5   2.3   1   3   4.4e-16   1.6e-15   45.9   0.4    27   380   299   622   285   635 0.84 -
arrA                 -            846 ANPMJJKB_01837       -           1032   1.2e-22   69.5   2.3   2   3   3.7e-05   0.00014    9.7   0.0   453   520   692   758   670   778 0.86 -
arrA                 -            846 ANPMJJKB_01837       -           1032   1.2e-22   69.5   2.3   3   3    0.0008    0.0029    5.3   0.0   747   780   910   943   904   949 0.88 -
arsB                 -            430 ANPMJJKB_01961       -            441   4.8e-29   91.0  40.1   1   1   5.3e-30   5.8e-29   90.8  40.1     5   427    15   439    12   441 0.87 -
arsC                 -            123 ANPMJJKB_02018       -            131     4e-43  136.1   1.2   1   1   8.2e-44   4.5e-43  136.0   1.2     3   122     1   119     1   120 0.98 -
arsC_glut            -            117 ANPMJJKB_02018       -            131   1.9e-17   53.3   0.3   1   1     4e-18   2.2e-17   53.1   0.3     4   116     2   114     1   115 0.95 -
arsB                 -            430 ANPMJJKB_02194       -            441   1.2e-29   93.0  42.6   1   1   1.3e-30   1.4e-29   92.8  42.6     5   427    15   439    12   441 0.86 -
arsC                 -            123 ANPMJJKB_02281       -            121   1.5e-38  121.4   0.0   1   1   2.9e-39   1.6e-38  121.2   0.0     2   118     1   118     1   121 0.97 -
arsC_glut            -            117 ANPMJJKB_02281       -            121   5.3e-23   71.2   0.0   1   1   1.1e-23   5.8e-23   71.1   0.0     3   115     2   116     1   118 0.95 -
arsB                 -            430 ANPMJJKB_02484       -            452     6e-81  262.0  38.7   1   1   7.8e-82   8.6e-81  261.5  38.7     5   427     7   446     3   449 0.89 -
arsC_thio            -            133 ANPMJJKB_02583       -            146   4.9e-19   58.3   0.0   1   1     6e-20   6.6e-19   57.9   0.0     4   128     2   139     1   144 0.78 -
arxA                 -            831 ANPMJJKB_02750       -           1227   1.3e-18   56.3   1.8   1   4    0.0034     0.019    2.8   0.0    55   118    48   118    28   120 0.75 -
arxA                 -            831 ANPMJJKB_02750       -           1227   1.3e-18   56.3   1.8   2   4   7.1e-11   3.9e-10   28.2   0.1   212   300   242   325   230   339 0.84 -
arxA                 -            831 ANPMJJKB_02750       -           1227   1.3e-18   56.3   1.8   3   4   1.6e-05     9e-05   10.5   0.0   344   408   494   563   485   578 0.70 -
arxA                 -            831 ANPMJJKB_02750       -           1227   1.3e-18   56.3   1.8   4   4   1.7e-05   9.3e-05   10.5   0.0   501   571   758   825   734   841 0.85 -
arrA                 -            846 ANPMJJKB_02750       -           1227   3.7e-14   41.4   0.6   1   4     0.088      0.48   -2.0   0.0    51   107    55   118    40   120 0.65 -
arrA                 -            846 ANPMJJKB_02750       -           1227   3.7e-14   41.4   0.6   2   4   1.1e-09   6.1e-09   24.1   0.0   203   279   246   320   233   337 0.79 -
arrA                 -            846 ANPMJJKB_02750       -           1227   3.7e-14   41.4   0.6   3   4     1e-05   5.7e-05   11.0   0.0   328   357   494   523   485   573 0.70 -
arrA                 -            846 ANPMJJKB_02750       -           1227   3.7e-14   41.4   0.6   4   4    0.0075     0.042    1.5   0.0   477   550   741   813   731   830 0.79 -
ACR3                 -            363 ANPMJJKB_03206       -            351  8.8e-170  554.1  31.1   1   1  9.7e-171  1.1e-169  553.8  31.1    12   356     6   350     2   351 0.99 -
arsC_thio            -            133 ANPMJJKB_03207       -            134   9.6e-80  254.8   0.3   1   1   1.1e-80   1.2e-79  254.6   0.3     2   132     3   133     2   134 0.99 -
arsD                 -            123 ANPMJJKB_03208       -            119   1.5e-44  140.9   0.1   1   1   1.6e-45   1.7e-44  140.7   0.1     1   105     1   105     1   117 0.94 -
arsA                 -            346 ANPMJJKB_03209       -            586  9.3e-139  451.9  10.1   1   4   1.3e-68   1.4e-67  217.8   0.0    15   188    13   184     6   198 0.96 -
arsA                 -            346 ANPMJJKB_03209       -            586  9.3e-139  451.9  10.1   2   4   6.6e-19   7.3e-18   54.3   0.5   220   330   193   300   185   318 0.89 -
arsA                 -            346 ANPMJJKB_03209       -            586  9.3e-139  451.9  10.1   3   4   5.5e-39     6e-38  120.4   0.3    10   174   324   472   315   484 0.92 -
arsA                 -            346 ANPMJJKB_03209       -            586  9.3e-139  451.9  10.1   4   4   6.6e-22   7.3e-21   64.2   0.1   217   326   480   585   471   586 0.91 -
arsC                 -            123 ANPMJJKB_03314       -            131   1.8e-44  140.5   0.2   1   1   3.7e-45     2e-44  140.3   0.2     3   122     1   119     1   120 0.99 -
arsC_glut            -            117 ANPMJJKB_03314       -            131   6.3e-15   45.2   0.1   1   1   1.3e-15   7.2e-15   45.0   0.1     3   116     1   114     1   115 0.95 -
arsC_thio            -            133 ANPMJJKB_03630       -            134   1.1e-79  254.7   0.3   1   1   1.2e-80   1.3e-79  254.4   0.3     2   132     3   133     2   134 0.99 -
ACR3                 -            363 ANPMJJKB_03631       -            346  2.9e-170  555.7  34.1   1   1  2.9e-171  3.2e-170  555.5  34.1    12   356     1   345     1   346 0.99 -
arsA                 -            346 ANPMJJKB_03689       -            393   8.6e-95  307.3   0.0   1   1   9.8e-96   1.1e-94  307.0   0.0    15   336     2   309     1   318 0.95 -
aioA                 -            837 ANPMJJKB_03981       -            978   6.7e-33  102.9   3.7   1   4   1.2e-11   4.6e-11   30.7   1.4    59   240   263   434   253   439 0.80 -
aioA                 -            837 ANPMJJKB_03981       -            978   6.7e-33  102.9   3.7   2   4     1e-08   3.7e-08   21.0   0.1   304   436   474   592   450   601 0.87 -
aioA                 -            837 ANPMJJKB_03981       -            978   6.7e-33  102.9   3.7   3   4   1.6e-10     6e-10   27.0   0.0   520   586   678   744   649   755 0.86 -
aioA                 -            837 ANPMJJKB_03981       -            978   6.7e-33  102.9   3.7   4   4   2.9e-08   1.1e-07   19.5   0.0   679   788   800   904   775   940 0.79 -
arxA                 -            831 ANPMJJKB_03981       -            978   2.6e-28   88.4   1.2   1   3   3.2e-19   1.2e-18   56.4   0.5    39   304   246   501   237   512 0.85 -
arxA                 -            831 ANPMJJKB_03981       -            978   2.6e-28   88.4   1.2   2   3   1.3e-07   4.8e-07   18.0   0.1   322   531   497   708   484   748 0.80 -
arxA                 -            831 ANPMJJKB_03981       -            978   2.6e-28   88.4   1.2   3   3   7.5e-06   2.8e-05   12.2   0.0   728   784   847   903   800   906 0.78 -
arrA                 -            846 ANPMJJKB_03981       -            978   2.3e-19   58.6   3.8   1   2   2.5e-16   9.1e-16   46.7   2.3    26   516   245   702   233   730 0.78 -
arrA                 -            846 ANPMJJKB_03981       -            978   2.3e-19   58.6   3.8   2   2     0.034      0.12   -0.1   0.0   745   778   855   888   847   894 0.87 -
ACR3                 -            363 ANPMJJKB_04219       -            321   4.9e-41  130.5  32.4   1   1   7.6e-42   8.3e-41  129.7  32.4    16   350     2   317     1   320 0.93 -
arsM                 -            269 ANPMJJKB_04596       -            258   3.9e-16   48.9   0.0   1   1   5.2e-17   5.7e-16   48.4   0.0    85   190    36   137    27   154 0.86 -
ACR3                 -            363 ANPMJJKB_05247       -            351  2.6e-169  552.5  30.6   1   1  2.9e-170  3.2e-169  552.2  30.6    12   356     6   350     2   351 0.99 -
arsC_thio            -            133 ANPMJJKB_05248       -            134   9.5e-79  251.6   0.3   1   1     1e-79   1.1e-78  251.3   0.3     2   132     3   133     2   134 0.99 -
arsD                 -            123 ANPMJJKB_05249       -            119   4.9e-44  139.3   0.1   1   1     5e-45   5.5e-44  139.1   0.1     1   105     1   105     1   118 0.93 -
arsA                 -            346 ANPMJJKB_05250       -            587    7e-139  452.3   9.8   1   3   4.5e-84     5e-83  268.6   1.2    13   340    11   310     3   315 0.92 -
arsA                 -            346 ANPMJJKB_05250       -            587    7e-139  452.3   9.8   2   3   1.3e-38   1.4e-37  119.1   0.3    10   174   324   472   314   484 0.93 -
arsA                 -            346 ANPMJJKB_05250       -            587    7e-139  452.3   9.8   3   3   7.8e-21   8.6e-20   60.7   0.1   220   326   483   585   473   587 0.91 -
arsA                 -            346 ANPMJJKB_05611       -            355   2.9e-11   32.6   0.2   1   1   5.6e-12   6.1e-11   31.6   0.2     7    52   100   146    92   147 0.83 -
arsM                 -            269 ANPMJJKB_05699       -            237   5.7e-20   61.5   0.1   1   2   2.9e-20   3.2e-19   59.0   0.1    78   186    42   150    38   160 0.93 -
arsM                 -            269 ANPMJJKB_05699       -            237   5.7e-20   61.5   0.1   2   2     0.028       0.3    0.1   0.0   218   236   202   220   194   229 0.88 -
#
# Program:         hmmscan
# Version:         3.3.2 (Nov 2020)
# Pipeline mode:   SCAN
# Query file:      Bacillus_sp_28590/prokka/Bacillus_sp_28590.faa
# Target file:     /Volumes/Gabri_Bio/Arsenic_project/ars/genes.hmm
# Option settings: hmmscan -o hmmscanned_prokka/Bacillus_sp_28590_anvio.stdout.txt --domtblout hmmscanned_prokka/Bacillus_sp_28590_anvio.tbl.txt -E 0.0000000001 --cpu 4 /Volumes/Gabri_Bio/Arsenic_project/ars/genes.hmm Bacillus_sp_28590/prokka/Bacillus_sp_28590.faa 
# Current dir:     /Volumes/Gabri_Bio/Arsenic_project/Genomes/Assembled
# Date:            Sun Jan  9 12:59:25 2022
# [ok]
