#                                                                            --- full sequence --- -------------- this domain -------------   hmm coord   ali coord   env coord
# target name        accession   tlen query name           accession   qlen   E-value  score  bias   #  of  c-Evalue  i-Evalue  score  bias  from    to  from    to  from    to  acc description of target
#------------------- ---------- ----- -------------------- ---------- ----- --------- ------ ----- --- --- --------- --------- ------ ----- ----- ----- ----- ----- ----- ----- ---- ---------------------
arxA                 -            831 MGADAIBA_00314       -            139   4.8e-16   47.8   0.3   1   1   1.1e-16     6e-16   47.5   0.3    59   187     6   133     2   137 0.84 -
aioA                 -            837 MGADAIBA_00314       -            139   7.3e-12   33.3   0.1   1   1   1.6e-12   8.8e-12   33.0   0.1    64   195     8   134     2   138 0.76 -
arxA                 -            831 MGADAIBA_00315       -            559   1.7e-21   65.8   1.7   1   3   5.1e-09   1.9e-08   22.7   0.0   247   313    33    99     3   106 0.80 -
arxA                 -            831 MGADAIBA_00315       -            559   1.7e-21   65.8   1.7   2   3     1e-11   3.7e-11   31.6   0.3   341   592   104   353    92   366 0.78 -
arxA                 -            831 MGADAIBA_00315       -            559   1.7e-21   65.8   1.7   3   3   6.4e-05   0.00023    9.1   0.0   734   783   449   498   384   514 0.78 -
arrA                 -            846 MGADAIBA_00315       -            559   1.6e-15   45.9   3.3   1   4   1.4e-10     5e-10   27.7   0.1   204   296     8    98     4   104 0.90 -
arrA                 -            846 MGADAIBA_00315       -            559   1.6e-15   45.9   3.3   2   4   4.2e-05   0.00015    9.6   0.0   321   387   100   165    91   182 0.82 -
arrA                 -            846 MGADAIBA_00315       -            559   1.6e-15   45.9   3.3   3   4      0.16      0.57   -2.3   0.0   483   551   259   323   243   347 0.71 -
arrA                 -            846 MGADAIBA_00315       -            559   1.6e-15   45.9   3.3   4   4   0.00011    0.0004    8.2   0.0   745   783   451   489   443   505 0.85 -
aioA                 -            837 MGADAIBA_00315       -            559   5.2e-14   40.4   0.5   1   2   2.2e-09   7.9e-09   23.3   0.3   274   585    41   333    25   345 0.71 -
aioA                 -            837 MGADAIBA_00315       -            559   5.2e-14   40.4   0.5   2   2   1.1e-06   4.2e-06   14.3   0.0   640   795   360   507   340   541 0.74 -
arxA                 -            831 MGADAIBA_00525       -            195   1.8e-18   55.8   0.0   1   1   3.7e-19     2e-18   55.6   0.0     6   154     1   144     1   160 0.82 -
aioA                 -            837 MGADAIBA_00525       -            195   5.2e-12   33.8   0.0   1   1   1.6e-12   8.7e-12   33.1   0.0    55   154    41   142    30   153 0.81 -
arxA                 -            831 MGADAIBA_00526       -            804   1.4e-11   33.0   1.2   1   2   1.2e-07   1.3e-06   16.6   0.5   216   311     7    98     3   244 0.79 -
arxA                 -            831 MGADAIBA_00526       -            804   1.4e-11   33.0   1.2   2   2   3.4e-06   3.7e-05   11.8   0.0   735   795   707   772   696   804 0.68 -
arsM                 -            269 MGADAIBA_00585       -            251     4e-23   71.8   0.1   1   2   6.3e-23     7e-22   67.8   0.1    81   187    61   168    57   182 0.90 -
arsM                 -            269 MGADAIBA_00585       -            251     4e-23   71.8   0.1   2   2    0.0083     0.091    1.8   0.0   216   233   217   234   204   241 0.88 -
arxA                 -            831 MGADAIBA_00884       -            777   4.4e-30   94.2   6.8   1   2     5e-13   1.8e-12   35.9   0.1   105   313    50   278    36   281 0.77 -
arxA                 -            831 MGADAIBA_00884       -            777   4.4e-30   94.2   6.8   2   2   1.3e-18   4.7e-18   54.4   3.7   343   819   291   748   287   761 0.70 -
aioA                 -            837 MGADAIBA_00884       -            777   2.8e-19   57.9   0.0   1   2   5.7e-07   2.1e-06   15.3   0.0   124   316    72   271    62   285 0.63 -
aioA                 -            837 MGADAIBA_00884       -            777   2.8e-19   57.9   0.0   2   2   1.1e-13   3.9e-13   37.5   0.0   512   782   443   710   433   716 0.82 -
arrA                 -            846 MGADAIBA_00884       -            777   8.6e-18   53.4   0.4   1   4   2.7e-08   9.9e-08   20.1   0.0    93   293    49   274    25   282 0.72 -
arrA                 -            846 MGADAIBA_00884       -            777   8.6e-18   53.4   0.4   2   4    0.0038     0.014    3.1   0.2   327   393   291   355   286   373 0.73 -
arrA                 -            846 MGADAIBA_00884       -            777   8.6e-18   53.4   0.4   3   4     0.008      0.03    2.0   0.0   477   522   435   479   424   526 0.76 -
arrA                 -            846 MGADAIBA_00884       -            777   8.6e-18   53.4   0.4   4   4   5.1e-09   1.9e-08   22.5   0.0   740   795   662   715   653   725 0.89 -
arsC_glut            -            117 MGADAIBA_00943       -            141   7.1e-57  180.5   0.0   1   1   1.5e-57   8.3e-57  180.3   0.0     1   116     1   116     1   117 0.99 -
arsC                 -            123 MGADAIBA_00943       -            141   1.5e-41  131.0   0.0   1   1   3.2e-42   1.7e-41  130.8   0.0     2   120     2   119     1   122 0.97 -
arsC_glut            -            117 MGADAIBA_02144       -            119   1.9e-52  166.2   0.4   1   1   3.9e-53   2.2e-52  166.0   0.4     2   116     3   118     2   119 0.98 -
arsC                 -            123 MGADAIBA_02144       -            119   4.4e-39  123.1   0.1   1   1   8.8e-40   4.8e-39  122.9   0.1     2   117     3   118     2   119 0.98 -
arsC                 -            123 MGADAIBA_02158       -            118   2.2e-39  124.0   0.0   1   1   4.4e-40   2.4e-39  123.9   0.0     3   118     1   116     1   118 0.97 -
arsC_glut            -            117 MGADAIBA_02158       -            118   2.4e-21   65.9   0.0   1   1   4.6e-22   2.5e-21   65.8   0.0     3   112     1   111     1   116 0.88 -
arxA                 -            831 MGADAIBA_02317       -            908   9.4e-12   33.6   0.1   1   2   9.9e-09   1.1e-07   20.1   0.1    42   118   209   285   192   306 0.88 -
arxA                 -            831 MGADAIBA_02317       -            908   9.4e-12   33.6   0.1   2   2   5.1e-06   5.6e-05   11.2   0.0   735   785   838   888   824   893 0.92 -
arxA                 -            831 MGADAIBA_02391       -            828   1.6e-36  115.5   1.0   1   2   9.9e-34   3.6e-33  104.4   0.6     6   529     1   532     1   553 0.76 -
arxA                 -            831 MGADAIBA_02391       -            828   1.6e-36  115.5   1.0   2   2   0.00015   0.00055    7.9   0.0   735   772   744   781   735   794 0.84 -
aioA                 -            837 MGADAIBA_02391       -            828   1.4e-30   95.2   0.0   1   4   4.8e-19   1.8e-18   55.2   0.1    61   240    43   219    28   247 0.88 -
aioA                 -            837 MGADAIBA_02391       -            828   1.4e-30   95.2   0.0   2   4    0.0046     0.017    2.3   0.0   354   432   335   408   253   413 0.77 -
aioA                 -            837 MGADAIBA_02391       -            828   1.4e-30   95.2   0.0   3   4   3.1e-07   1.1e-06   16.1   0.0   520   574   504   558   498   568 0.94 -
aioA                 -            837 MGADAIBA_02391       -            828   1.4e-30   95.2   0.0   4   4   3.2e-07   1.2e-06   16.1   0.0   697   793   703   799   665   819 0.85 -
arrA                 -            846 MGADAIBA_02391       -            828   1.7e-22   69.0   0.1   1   2     1e-20   3.7e-20   61.2   0.1     1   391     1   400     1   409 0.78 -
arrA                 -            846 MGADAIBA_02391       -            828   1.7e-22   69.0   0.1   2   2    0.0022     0.008    3.9   0.0   743   773   743   773   738   785 0.90 -
arsC_thio            -            133 MGADAIBA_02529       -            147   4.3e-12   35.9   0.0   1   1   4.9e-13   5.4e-12   35.5   0.0     6   118     5   128     2   142 0.79 -
arxA                 -            831 MGADAIBA_02781       -            809   1.2e-38  122.6   4.2   1   1   9.9e-37   3.6e-36  114.3   4.2   102   830    75   791     1   792 0.75 -
arrA                 -            846 MGADAIBA_02781       -            809   5.2e-23   70.6   3.5   1   2   3.2e-17   1.2e-16   49.6   1.0     3   660     3   643     1   652 0.71 -
arrA                 -            846 MGADAIBA_02781       -            809   5.2e-23   70.6   3.5   2   2   5.3e-07   1.9e-06   15.8   0.1   744   797   700   751   687   791 0.85 -
aioA                 -            837 MGADAIBA_02781       -            809   2.4e-18   54.8   1.8   1   2   1.2e-08   4.5e-08   20.8   0.2   124   322   100   305    49   386 0.74 -
aioA                 -            837 MGADAIBA_02781       -            809   2.4e-18   54.8   1.8   2   2   5.1e-11   1.9e-10   28.6   0.1   512   781   477   743   469   751 0.67 -
arxA                 -            831 MGADAIBA_03059       -            798   2.7e-63  204.1   1.0   1   1   6.9e-63   2.5e-62  200.9   1.0     6   831     3   798     1   798 0.77 -
arrA                 -            846 MGADAIBA_03059       -            798   5.1e-49  156.7   0.6   1   3     2e-40   7.2e-40  126.4   0.1     2   393     4   396     3   407 0.81 -
arrA                 -            846 MGADAIBA_03059       -            798   5.1e-49  156.7   0.6   2   3     0.051      0.19   -0.6   0.0   488   566   484   558   443   577 0.72 -
arrA                 -            846 MGADAIBA_03059       -            798   5.1e-49  156.7   0.6   3   3   2.2e-10   8.1e-10   27.0   0.0   732   845   692   797   682   798 0.84 -
aioA                 -            837 MGADAIBA_03059       -            798   5.7e-18   53.5   0.3   1   3   8.8e-12   3.2e-11   31.2   0.0   100   420    90   397    83   413 0.63 -
aioA                 -            837 MGADAIBA_03059       -            798   5.7e-18   53.5   0.3   2   3     0.022      0.08    0.1   0.0   520   547   488   515   474   523 0.86 -
aioA                 -            837 MGADAIBA_03059       -            798   5.7e-18   53.5   0.3   3   3   8.2e-08     3e-07   18.0   0.0   741   802   707   766   694   777 0.86 -
arxA                 -            831 MGADAIBA_03060       -            808   8.2e-59  189.3   1.0   1   1   8.8e-59   3.2e-58  187.3   1.0     8   830    10   807     5   808 0.77 -
arrA                 -            846 MGADAIBA_03060       -            808   3.1e-48  154.1   2.5   1   2   1.7e-39   6.1e-39  123.4   1.0     2   395     9   408     8   580 0.78 -
arrA                 -            846 MGADAIBA_03060       -            808   3.1e-48  154.1   2.5   2   2   9.3e-11   3.4e-10   28.3   0.0   732   820   702   784   693   808 0.81 -
aioA                 -            837 MGADAIBA_03060       -            808   2.3e-20   61.4   1.0   1   3   3.4e-14   1.2e-13   39.2   0.0   103   386    99   373    89   417 0.64 -
aioA                 -            837 MGADAIBA_03060       -            808   2.3e-20   61.4   1.0   2   3     0.036      0.13   -0.6   0.0   511   547   490   525   474   532 0.79 -
aioA                 -            837 MGADAIBA_03060       -            808   2.3e-20   61.4   1.0   3   3   1.7e-07   6.2e-07   17.0   0.0   742   800   718   774   713   786 0.83 -
arxA                 -            831 MGADAIBA_03160       -            803   4.6e-11   31.3   6.0   1   4     2e-05   0.00021    9.2   0.2   216   308     7    95     3   121 0.81 -
arxA                 -            831 MGADAIBA_03160       -            803   4.6e-11   31.3   6.0   2   4    0.0017     0.019    2.8   0.0   339   410   155   230   139   244 0.81 -
arxA                 -            831 MGADAIBA_03160       -            803   4.6e-11   31.3   6.0   3   4    0.0025     0.028    2.3   0.1   450   491   558   599   525   605 0.91 -
arxA                 -            831 MGADAIBA_03160       -            803   4.6e-11   31.3   6.0   4   4     8e-08   8.8e-07   17.1   0.1   734   831   705   803   692   803 0.77 -
arxA                 -            831 MGADAIBA_03161       -            195   5.3e-15   44.3   0.1   1   1   5.5e-16     6e-15   44.2   0.1     7   154     2   144     1   166 0.75 -
arxA                 -            831 MGADAIBA_03164       -           1246   5.3e-19   57.6   0.3   1   5   9.1e-05    0.0005    8.0   0.0     8   118     5   115     1   118 0.69 -
arxA                 -            831 MGADAIBA_03164       -           1246   5.3e-19   57.6   0.3   2   5   1.9e-08   1.1e-07   20.2   0.0   213   295   240   317   231   325 0.86 -
arxA                 -            831 MGADAIBA_03164       -           1246   5.3e-19   57.6   0.3   3   5   1.9e-07   1.1e-06   16.9   0.0   338   371   497   530   493   573 0.81 -
arxA                 -            831 MGADAIBA_03164       -           1246   5.3e-19   57.6   0.3   4   5   0.00078    0.0043    4.9   0.0   509   570   775   833   750   848 0.80 -
arxA                 -            831 MGADAIBA_03164       -           1246   5.3e-19   57.6   0.3   5   5      0.02      0.11    0.3   0.0   739   787  1119  1167  1107  1201 0.78 -
arrA                 -            846 MGADAIBA_03164       -           1246   5.7e-13   37.5   1.7   1   5     0.048      0.26   -1.1   0.1    52   107    53   115    38   119 0.75 -
arrA                 -            846 MGADAIBA_03164       -           1246   5.7e-13   37.5   1.7   2   5   2.9e-07   1.6e-06   16.1   0.0   203   279   243   317   231   324 0.81 -
arrA                 -            846 MGADAIBA_03164       -           1246   5.7e-13   37.5   1.7   3   5   1.1e-05   5.8e-05   11.0   0.0   323   357   498   532   494   559 0.90 -
arrA                 -            846 MGADAIBA_03164       -           1246   5.7e-13   37.5   1.7   4   5    0.0057     0.032    1.9   0.0   477   516   750   791   744   826 0.81 -
arrA                 -            846 MGADAIBA_03164       -           1246   5.7e-13   37.5   1.7   5   5     0.003     0.017    2.8   0.0   748   790  1119  1161  1114  1186 0.89 -
arxA                 -            831 MGADAIBA_03351       -           1247   6.9e-21   63.8   1.9   1   5   7.2e-06     4e-05   11.7   0.0    29   119    21   116     1   126 0.72 -
arxA                 -            831 MGADAIBA_03351       -           1247   6.9e-21   63.8   1.9   2   5   5.9e-08   3.3e-07   18.6   0.0   213   299   240   321   229   336 0.83 -
arxA                 -            831 MGADAIBA_03351       -           1247   6.9e-21   63.8   1.9   3   5   5.7e-08   3.1e-07   18.6   0.0   338   369   498   529   494   546 0.91 -
arxA                 -            831 MGADAIBA_03351       -           1247   6.9e-21   63.8   1.9   4   5    0.0001   0.00056    7.9   0.0   510   571   777   835   754   866 0.83 -
arxA                 -            831 MGADAIBA_03351       -           1247   6.9e-21   63.8   1.9   5   5    0.0086     0.047    1.5   0.0   737   785  1118  1166  1100  1204 0.74 -
arrA                 -            846 MGADAIBA_03351       -           1247   2.2e-15   45.4   5.3   1   5   0.00055     0.003    5.3   0.3    51   112    52   120    30   153 0.77 -
arrA                 -            846 MGADAIBA_03351       -           1247   2.2e-15   45.4   5.3   2   5   5.4e-06     3e-05   11.9   0.0   203   279   243   317   230   329 0.81 -
arrA                 -            846 MGADAIBA_03351       -           1247   2.2e-15   45.4   5.3   3   5   1.3e-08   6.9e-08   20.6   0.0   323   357   499   533   495   547 0.90 -
arrA                 -            846 MGADAIBA_03351       -           1247   2.2e-15   45.4   5.3   4   5     0.081      0.45   -1.9   0.0   488   520   764   795   750   836 0.66 -
arrA                 -            846 MGADAIBA_03351       -           1247   2.2e-15   45.4   5.3   5   5   0.00034    0.0019    5.9   0.0   745   787  1117  1159  1114  1186 0.87 -
arsA                 -            346 MGADAIBA_03405       -            270   1.1e-12   37.4   4.0   1   2   1.1e-13   1.2e-12   37.2   3.2    17    52     5    40     1    41 0.90 -
arsA                 -            346 MGADAIBA_03405       -            270   1.1e-12   37.4   4.0   2   2      0.21       2.4   -3.3   0.0   140   177   108   146    99   155 0.60 -
arxA                 -            831 MGADAIBA_03679       -            848   3.4e-31   97.9   0.4   1   1   1.1e-28   3.9e-28   87.8   0.4     9   830    10   817     6   818 0.69 -
arrA                 -            846 MGADAIBA_03679       -            848   5.7e-15   44.1   3.2   1   4   2.3e-07   8.3e-07   17.1   0.0    94   297    93   326    10   335 0.73 -
arrA                 -            846 MGADAIBA_03679       -            848   5.7e-15   44.1   3.2   2   4   5.5e-06     2e-05   12.5   0.5   328   393   340   403   330   417 0.70 -
arrA                 -            846 MGADAIBA_03679       -            848   5.7e-15   44.1   3.2   3   4    0.0019     0.007    4.1   0.0   485   547   499   560   480   570 0.72 -
arrA                 -            846 MGADAIBA_03679       -            848   5.7e-15   44.1   3.2   4   4   0.00018   0.00066    7.5   0.0   747   787   724   764   715   778 0.87 -
aioA                 -            837 MGADAIBA_03679       -            848   2.8e-13   38.0   0.1   1   3   1.1e-07   4.1e-07   17.6   0.1   126   345   119   349    96   388 0.62 -
aioA                 -            837 MGADAIBA_03679       -            848   2.8e-13   38.0   0.1   2   3   0.00024   0.00086    6.6   0.0   521   582   507   571   494   589 0.73 -
aioA                 -            837 MGADAIBA_03679       -            848   2.8e-13   38.0   0.1   3   3   2.5e-05     9e-05    9.8   0.0   742   770   725   753   707   765 0.81 -
arxA                 -            831 MGADAIBA_03764       -            814   2.9e-65  210.6   1.1   1   1   8.9e-65   3.3e-64  207.1   1.1     3   831     9   814     7   814 0.75 -
arrA                 -            846 MGADAIBA_03764       -            814     4e-49  157.1   1.0   1   2   8.9e-41   3.3e-40  127.6   0.2     3   562    14   577    12   599 0.72 -
arrA                 -            846 MGADAIBA_03764       -            814     4e-49  157.1   1.0   2   2   8.1e-10     3e-09   25.2   0.0   732   798   710   774   695   814 0.77 -
aioA                 -            837 MGADAIBA_03764       -            814   3.3e-28   87.4   0.5   1   3   1.7e-19   6.1e-19   56.7   0.1    98   428   102   425    90   437 0.82 -
aioA                 -            837 MGADAIBA_03764       -            814   3.3e-28   87.4   0.5   2   3   0.00077    0.0028    4.9   0.0   512   590   501   578   483   623 0.80 -
aioA                 -            837 MGADAIBA_03764       -            814   3.3e-28   87.4   0.5   3   3   3.1e-08   1.1e-07   19.5   0.0   742   781   726   765   721   784 0.90 -
arsM                 -            269 MGADAIBA_03930       -            251   9.9e-16   47.6   0.0   1   1   1.1e-16   1.3e-15   47.2   0.0    85   198    44   148    16   157 0.87 -
arsM                 -            269 MGADAIBA_04492       -            256   2.5e-19   59.4   0.0   1   1   3.4e-20   3.8e-19   58.8   0.0    85   193    46   151    38   165 0.93 -
#
# Program:         hmmscan
# Version:         3.3.2 (Nov 2020)
# Pipeline mode:   SCAN
# Query file:      Escherichia_coli_28618/prokka/Escherichia_coli_28618.faa
# Target file:     /Volumes/Gabri_Bio/Arsenic_project/ars/genes.hmm
# Option settings: hmmscan -o hmmscanned_prokka/Escherichia_coli_28618_anvio.stdout.txt --domtblout hmmscanned_prokka/Escherichia_coli_28618_anvio.tbl.txt -E 0.0000000001 --cpu 4 /Volumes/Gabri_Bio/Arsenic_project/ars/genes.hmm Escherichia_coli_28618/prokka/Escherichia_coli_28618.faa 
# Current dir:     /Volumes/Gabri_Bio/Arsenic_project/Genomes/Genomes_from_NCBI
# Date:            Sun Jan  9 23:14:53 2022
# [ok]
