#                                                                            --- full sequence --- -------------- this domain -------------   hmm coord   ali coord   env coord
# target name        accession   tlen query name           accession   qlen   E-value  score  bias   #  of  c-Evalue  i-Evalue  score  bias  from    to  from    to  from    to  acc description of target
#------------------- ---------- ----- -------------------- ---------- ----- --------- ------ ----- --- --- --------- --------- ------ ----- ----- ----- ----- ----- ----- ----- ---- ---------------------
arsA                 -            346 OMHFDOLO_00317       -            286   2.3e-12   36.2   0.5   1   3   1.2e-09   1.3e-08   23.9   0.0    11    52    19    60     7    62 0.83 -
arsA                 -            346 OMHFDOLO_00317       -            286   2.3e-12   36.2   0.5   2   3    0.0066     0.073    1.7   0.0   117   152    97   140    70   143 0.61 -
arsA                 -            346 OMHFDOLO_00317       -            286   2.3e-12   36.2   0.5   3   3   0.00014    0.0016    7.2   0.1   234   294   159   216   155   242 0.82 -
arsC                 -            123 OMHFDOLO_00718       -            118   3.1e-38  120.3   0.1   1   1   6.1e-39   3.4e-38  120.2   0.1     3   115     2   115     1   118 0.97 -
arsC_glut            -            117 OMHFDOLO_00718       -            118   3.6e-20   62.1   0.0   1   1   7.8e-21   4.3e-20   61.9   0.0     3   112     2   113     1   116 0.93 -
arsM                 -            269 OMHFDOLO_00875       -            460   3.5e-11   32.7   0.3   1   2      0.17       1.9   -2.5   0.0   128   148   100   120    95   122 0.87 -
arsM                 -            269 OMHFDOLO_00875       -            460   3.5e-11   32.7   0.3   2   2     1e-11   1.1e-10   31.0   0.1    78   146   306   371   302   378 0.90 -
arsM                 -            269 OMHFDOLO_00981       -            255   3.3e-11   32.8   0.0   1   1   3.8e-12   4.2e-11   32.4   0.0    85   234    37   187    27   211 0.72 -
arxA                 -            831 OMHFDOLO_01017       -            781   1.6e-13   39.4   0.6   1   2   1.2e-11   1.3e-10   29.8   0.7   130   403   137   402   131   431 0.71 -
arxA                 -            831 OMHFDOLO_01017       -            781   1.6e-13   39.4   0.6   2   2   0.00014    0.0016    6.4   0.0   732   775   679   722   657   745 0.82 -
arsA                 -            346 OMHFDOLO_01134       -            266   2.5e-15   46.0   2.2   1   3     7e-13   7.7e-12   34.5   1.0    17    52     5    40     2    47 0.95 -
arsA                 -            346 OMHFDOLO_01134       -            266   2.5e-15   46.0   2.2   2   3    0.0027      0.03    3.0   0.0   132   152   100   120    60   125 0.85 -
arsA                 -            346 OMHFDOLO_01134       -            266   2.5e-15   46.0   2.2   3   3   0.00031    0.0034    6.1   0.0   234   269   139   175   133   187 0.86 -
arsM                 -            269 OMHFDOLO_01518       -            235   5.2e-21   64.9   0.1   1   2     2e-20   2.2e-19   59.6   0.0    82   187    47   152    41   162 0.92 -
arsM                 -            269 OMHFDOLO_01518       -            235   5.2e-21   64.9   0.1   2   2    0.0029     0.032    3.3   0.0   217   236   202   221   197   230 0.88 -
arsA                 -            346 OMHFDOLO_01532       -            257   9.2e-13   37.6   2.9   1   2     4e-12   4.4e-11   32.0   0.9    23   154    11   128     5   142 0.67 -
arsA                 -            346 OMHFDOLO_01532       -            257   9.2e-13   37.6   2.9   2   2     0.005     0.055    2.1   0.0   267   306   173   208   158   215 0.80 -
arsC                 -            123 OMHFDOLO_01739       -            136   2.7e-39  123.8   0.1   1   1   5.6e-40   3.1e-39  123.6   0.1     3   122     2   119     1   120 0.97 -
arsC_glut            -            117 OMHFDOLO_01739       -            136   7.5e-15   44.9   0.0   1   1   1.6e-15   8.9e-15   44.7   0.0     3   116     2   114     1   115 0.92 -
arxA                 -            831 OMHFDOLO_02274       -           1227   5.2e-17   51.0   4.0   1   4    0.0025     0.014    3.2   0.0    58   118    51   118    28   120 0.77 -
arxA                 -            831 OMHFDOLO_02274       -           1227   5.2e-17   51.0   4.0   2   4   2.2e-10   1.2e-09   26.6   0.1   212   308   242   332   232   340 0.78 -
arxA                 -            831 OMHFDOLO_02274       -           1227   5.2e-17   51.0   4.0   3   4   2.1e-05   0.00012   10.1   0.1   341   407   491   562   483   629 0.75 -
arxA                 -            831 OMHFDOLO_02274       -           1227   5.2e-17   51.0   4.0   4   4     4e-05   0.00022    9.2   0.0   502   572   759   826   742   864 0.82 -
arrA                 -            846 OMHFDOLO_02274       -           1227   7.5e-13   37.1   3.9   1   4     0.063      0.35   -1.5   0.1    51   107    55   118    39   120 0.67 -
arrA                 -            846 OMHFDOLO_02274       -           1227   7.5e-13   37.1   3.9   2   4   1.8e-09     1e-08   23.4   0.0   203   291   246   331   233   339 0.82 -
arrA                 -            846 OMHFDOLO_02274       -           1227   7.5e-13   37.1   3.9   3   4   1.2e-05   6.6e-05   10.8   0.1   324   357   490   523   481   571 0.77 -
arrA                 -            846 OMHFDOLO_02274       -           1227   7.5e-13   37.1   3.9   4   4    0.0093     0.051    1.2   0.0   487   550   753   813   735   854 0.77 -
arxA                 -            831 OMHFDOLO_02279       -           1225   7.2e-16   47.2   8.8   1   5      0.02      0.11    0.2   0.1    62   119    54   118    32   120 0.76 -
arxA                 -            831 OMHFDOLO_02279       -           1225   7.2e-16   47.2   8.8   2   5   7.1e-10   3.9e-09   24.9   0.1   212   297   241   321   231   338 0.86 -
arxA                 -            831 OMHFDOLO_02279       -           1225   7.2e-16   47.2   8.8   3   5   5.9e-06   3.3e-05   12.0   0.0   341   371   490   520   485   575 0.70 -
arxA                 -            831 OMHFDOLO_02279       -           1225   7.2e-16   47.2   8.8   4   5   7.7e-05   0.00042    8.3   0.0   510   589   765   838   730   866 0.74 -
arxA                 -            831 OMHFDOLO_02279       -           1225   7.2e-16   47.2   8.8   5   5    0.0041     0.022    2.6   0.2   732   808  1102  1178  1088  1193 0.78 -
arrA                 -            846 OMHFDOLO_02279       -           1225     1e-14   43.2   5.4   1   5     0.049      0.27   -1.2   0.0    51   108    54   118    39   122 0.68 -
arrA                 -            846 OMHFDOLO_02279       -           1225     1e-14   43.2   5.4   2   5     2e-08   1.1e-07   20.0   0.0   202   279   244   319   232   338 0.86 -
arrA                 -            846 OMHFDOLO_02279       -           1225     1e-14   43.2   5.4   3   5   2.8e-06   1.6e-05   12.8   0.0   325   357   490   522   486   566 0.81 -
arrA                 -            846 OMHFDOLO_02279       -           1225     1e-14   43.2   5.4   4   5    0.0021     0.012    3.3   0.0   487   549   751   810   733   823 0.77 -
arrA                 -            846 OMHFDOLO_02279       -           1225     1e-14   43.2   5.4   5   5   0.00058    0.0032    5.2   0.1   745   795  1106  1156  1095  1192 0.81 -
arsC                 -            123 OMHFDOLO_02734       -            131   1.7e-48  153.5   0.4   1   1   3.5e-49   1.9e-48  153.3   0.4     3   122     1   119     1   120 0.99 -
arsC_glut            -            117 OMHFDOLO_02734       -            131     5e-17   52.0   0.1   1   1     1e-17   5.7e-17   51.8   0.1     3   116     1   114     1   115 0.96 -
arsM                 -            269 OMHFDOLO_02862       -            196   6.3e-11   31.8   0.0   1   1   7.3e-12   8.1e-11   31.5   0.0    83   193    40   143    37   182 0.90 -
arsB                 -            430 OMHFDOLO_02931       -            432  1.2e-220  722.3  51.0   1   1  1.3e-221  1.4e-220  722.1  51.0     2   429     4   431     3   432 1.00 -
arsC_thio            -            133 OMHFDOLO_02932       -            139     3e-74  237.0   0.0   1   1     3e-75   3.3e-74  236.9   0.0     1   132     1   138     1   139 0.98 -
arsC_thio            -            133 OMHFDOLO_03268       -            200   2.4e-18   56.1   0.0   1   2   4.2e-19   4.7e-18   55.2   0.0     6   122     3   124     1   135 0.80 -
arsC_thio            -            133 OMHFDOLO_03268       -            200   2.4e-18   56.1   0.0   2   2      0.46         5   -3.2   0.0   103   126   169   192   163   197 0.67 -
ACR3                 -            363 OMHFDOLO_03472       -            317   2.4e-13   39.4  21.5   1   1   3.6e-14   3.9e-13   38.7  21.6    58   316    39   277     6   291 0.88 -
#
# Program:         hmmscan
# Version:         3.3.2 (Nov 2020)
# Pipeline mode:   SCAN
# Query file:      Oceanobacillus_caeni_DSM28620/prokka/Oceanobacillus_caeni_DSM28620.faa
# Target file:     /Volumes/Gabri_Bio/Arsenic_project/ars/genes.hmm
# Option settings: hmmscan -o hmmscanned_prokka/Oceanobacillus_caeni_DSM28620_anvio.stdout.txt --domtblout hmmscanned_prokka/Oceanobacillus_caeni_DSM28620_anvio.tbl.txt -E 0.0000000001 --cpu 4 /Volumes/Gabri_Bio/Arsenic_project/ars/genes.hmm Oceanobacillus_caeni_DSM28620/prokka/Oceanobacillus_caeni_DSM28620.faa 
# Current dir:     /Volumes/Gabri_Bio/Arsenic_project/Genomes/Assembled
# Date:            Sun Jan  9 15:25:02 2022
# [ok]
