#                                                                            --- full sequence --- -------------- this domain -------------   hmm coord   ali coord   env coord
# target name        accession   tlen query name           accession   qlen   E-value  score  bias   #  of  c-Evalue  i-Evalue  score  bias  from    to  from    to  from    to  acc description of target
#------------------- ---------- ----- -------------------- ---------- ----- --------- ------ ----- --- --- --------- --------- ------ ----- ----- ----- ----- ----- ----- ----- ---- ---------------------
arxA                 -            831 MODHBGBN_00080       -            931   1.3e-34  109.2   1.8   1   3   2.1e-30   7.7e-30   93.4   0.3     6   303     4   296     1   302 0.74 -
arxA                 -            831 MODHBGBN_00080       -            931   1.3e-34  109.2   1.8   2   3    0.0027      0.01    3.7   0.0   414   528   485   603   447   638 0.77 -
arxA                 -            831 MODHBGBN_00080       -            931   1.3e-34  109.2   1.8   3   3   5.8e-05   0.00021    9.3   0.0   737   778   800   841   786   846 0.90 -
arrA                 -            846 MODHBGBN_00080       -            931   2.4e-29   91.7   0.3   1   2   1.8e-23   6.6e-23   70.3   0.4     3   287     6   296     4   301 0.80 -
arrA                 -            846 MODHBGBN_00080       -            931   2.4e-29   91.7   0.3   2   2   3.1e-07   1.1e-06   16.6   0.0   746   788   800   842   748   899 0.76 -
aioA                 -            837 MODHBGBN_00080       -            931   2.1e-14   41.7   0.0   1   3   9.9e-10   3.6e-09   24.4   0.0    66   170    59   156     8   174 0.77 -
aioA                 -            837 MODHBGBN_00080       -            931   2.1e-14   41.7   0.0   2   3    0.0077     0.028    1.6   0.0   282   330   248   296   223   315 0.84 -
aioA                 -            837 MODHBGBN_00080       -            931   2.1e-14   41.7   0.0   3   3   6.5e-06   2.4e-05   11.7   0.0   735   785   795   845   778   877 0.84 -
arxA                 -            831 MODHBGBN_00101       -            725   5.1e-37  117.1   8.1   1   3   1.9e-24   7.1e-24   73.7   2.2     5   315     3   286     1   289 0.81 -
arxA                 -            831 MODHBGBN_00101       -            725   5.1e-37  117.1   8.1   2   3     6e-09   2.2e-08   22.4   0.6   339   551   287   492   284   514 0.77 -
arxA                 -            831 MODHBGBN_00101       -            725   5.1e-37  117.1   8.1   3   3   1.7e-08   6.3e-08   20.9   0.0   736   787   630   681   561   723 0.77 -
arrA                 -            846 MODHBGBN_00101       -            725   8.2e-30   93.2   1.1   1   3   6.6e-18   2.4e-17   51.9   1.3     3   395     6   362     4   373 0.84 -
arrA                 -            846 MODHBGBN_00101       -            725   8.2e-30   93.2   1.1   2   3   0.00015   0.00055    7.7   0.0   478   534   429   486   407   529 0.77 -
arrA                 -            846 MODHBGBN_00101       -            725   8.2e-30   93.2   1.1   3   3     1e-07   3.8e-07   18.2   0.0   747   788   632   673   622   691 0.88 -
aioA                 -            837 MODHBGBN_00101       -            725   1.6e-12   35.5   0.5   1   4    0.0046     0.017    2.3   0.0    93   143    81   126    16   136 0.81 -
aioA                 -            837 MODHBGBN_00101       -            725   1.6e-12   35.5   0.5   2   4   4.7e-05   0.00017    8.9   0.1   266   383   218   321   206   360 0.83 -
aioA                 -            837 MODHBGBN_00101       -            725   1.6e-12   35.5   0.5   3   4     0.014     0.052    0.7   0.0   519   552   443   475   428   501 0.85 -
aioA                 -            837 MODHBGBN_00101       -            725   1.6e-12   35.5   0.5   4   4   7.9e-08   2.9e-07   18.1   0.0   729   790   620   681   592   688 0.87 -
arxA                 -            831 MODHBGBN_00316       -            806   5.7e-36  113.7   3.7   1   3   2.9e-21   1.1e-20   63.2   1.2     7   303     9   288     5   300 0.84 -
arxA                 -            831 MODHBGBN_00316       -            806   5.7e-36  113.7   3.7   2   3   8.1e-10     3e-09   25.3   0.0   446   568   453   575   352   590 0.77 -
arxA                 -            831 MODHBGBN_00316       -            806   5.7e-36  113.7   3.7   3   3   4.8e-09   1.7e-08   22.8   0.0   737   795   718   778   630   784 0.81 -
arrA                 -            846 MODHBGBN_00316       -            806   6.4e-29   90.2   2.3   1   3   5.6e-16     2e-15   45.5   0.5     3   286    10   287     8   295 0.82 -
arrA                 -            846 MODHBGBN_00316       -            806   6.4e-29   90.2   2.3   2   3   6.9e-07   2.5e-06   15.5   0.1   453   560   472   575   349   604 0.83 -
arrA                 -            846 MODHBGBN_00316       -            806   6.4e-29   90.2   2.3   3   3   1.1e-09   4.1e-09   24.7   0.0   706   806   686   780   671   790 0.82 -
aioA                 -            837 MODHBGBN_00316       -            806   1.5e-20   62.1   1.5   1   3   8.4e-06   3.1e-05   11.4   0.1   101   237    91   220    79   231 0.69 -
aioA                 -            837 MODHBGBN_00316       -            806   1.5e-20   62.1   1.5   2   3   5.9e-09   2.2e-08   21.8   0.0   298   335   256   308   235   349 0.71 -
aioA                 -            837 MODHBGBN_00316       -            806   1.5e-20   62.1   1.5   3   3   2.7e-10   9.8e-10   26.3   0.1   674   793   631   771   610   804 0.81 -
arsM                 -            269 MODHBGBN_00442       -            268   3.2e-14   42.6   0.0   1   2   1.9e-13   2.1e-12   36.7   0.0    79   186    75   183    69   190 0.86 -
arsM                 -            269 MODHBGBN_00442       -            268   3.2e-14   42.6   0.0   2   2    0.0021     0.023    3.8   0.0   216   234   233   251   222   259 0.86 -
arxA                 -            831 MODHBGBN_00509       -            987   1.3e-47  152.2   6.6   1   2   1.7e-37   6.3e-37  116.9   3.8     7   311     5   300     1   308 0.83 -
arxA                 -            831 MODHBGBN_00509       -            987   1.3e-47  152.2   6.6   2   2   1.3e-12   4.8e-12   34.6   0.0   448   830   566   942   452   943 0.66 -
arrA                 -            846 MODHBGBN_00509       -            987   4.8e-44  140.3   2.0   1   3   4.7e-34   1.7e-33  105.3   1.4     3   300     6   305     4   309 0.89 -
arrA                 -            846 MODHBGBN_00509       -            987   4.8e-44  140.3   2.0   2   3   0.00051    0.0019    6.0   0.0   449   550   577   679   573   788 0.73 -
arrA                 -            846 MODHBGBN_00509       -            987   4.8e-44  140.3   2.0   3   3   4.8e-10   1.7e-09   25.9   0.0   747   795   851   898   847   943 0.77 -
aioA                 -            837 MODHBGBN_00509       -            987   5.8e-25   76.6   0.3   1   2   1.4e-12     5e-12   33.9   0.3    62   164    54   157     5   161 0.72 -
aioA                 -            837 MODHBGBN_00509       -            987   5.8e-25   76.6   0.3   2   2   1.3e-14   4.9e-14   40.5   0.0   508   780   607   890   445   900 0.79 -
arxA                 -            831 MODHBGBN_00543       -            948   6.1e-43  136.8   5.5   1   2   7.6e-34   2.8e-33  104.8   3.3     7   308     4   291     1   304 0.78 -
arxA                 -            831 MODHBGBN_00543       -            948   6.1e-43  136.8   5.5   2   2   5.2e-11   1.9e-10   29.3   0.0   333   788   421   862   406   906 0.75 -
arrA                 -            846 MODHBGBN_00543       -            948   6.9e-37  116.6   5.2   1   3   1.8e-31   6.6e-31   96.8   1.6     2   291     4   290     3   298 0.83 -
arrA                 -            846 MODHBGBN_00543       -            948   6.9e-37  116.6   5.2   2   3    0.0017    0.0061    4.3   0.0   318   528   422   631   406   652 0.73 -
arrA                 -            846 MODHBGBN_00543       -            948   6.9e-37  116.6   5.2   3   3   7.7e-07   2.8e-06   15.3   0.0   747   789   814   856   808   872 0.92 -
aioA                 -            837 MODHBGBN_00543       -            948   1.6e-14   42.1   0.1   1   3   2.5e-09   9.1e-09   23.1   0.2    64   155    50   141    11   166 0.77 -
aioA                 -            837 MODHBGBN_00543       -            948   1.6e-14   42.1   0.1   2   3    0.0059     0.022    2.0   0.0   506   549   581   625   573   656 0.82 -
aioA                 -            837 MODHBGBN_00543       -            948   1.6e-14   42.1   0.1   3   3   2.6e-06   9.6e-06   13.1   0.0   688   780   765   853   739   864 0.85 -
arxA                 -            831 MODHBGBN_00576       -            968   6.5e-48  153.2   4.6   1   2   3.9e-35   1.4e-34  109.1   2.1     7   303    21   305    16   317 0.77 -
arxA                 -            831 MODHBGBN_00576       -            968   6.5e-48  153.2   4.6   2   2     3e-14   1.1e-13   40.0   0.0   334   828   436   920   424   923 0.69 -
arrA                 -            846 MODHBGBN_00576       -            968   1.9e-42  134.9   1.9   1   3   3.2e-32   1.2e-31   99.3   1.3     2   287    21   305    20   311 0.81 -
arrA                 -            846 MODHBGBN_00576       -            968   1.9e-42  134.9   1.9   2   3   0.00028     0.001    6.8   0.0   318   549   436   669   419   675 0.80 -
arrA                 -            846 MODHBGBN_00576       -            968   1.9e-42  134.9   1.9   3   3   6.9e-10   2.5e-09   25.4   0.0   746   789   830   873   823   913 0.94 -
aioA                 -            837 MODHBGBN_00576       -            968   3.9e-21   64.0   0.0   1   3   1.5e-11   5.6e-11   30.4   0.0    71   161    78   167    32   173 0.84 -
aioA                 -            837 MODHBGBN_00576       -            968   3.9e-21   64.0   0.0   2   3    0.0015    0.0055    3.9   0.0   505   548   594   638   587   685 0.78 -
aioA                 -            837 MODHBGBN_00576       -            968   3.9e-21   64.0   0.0   3   3     4e-10   1.5e-09   25.7   0.0   691   782   780   872   759   895 0.84 -
arxA                 -            831 MODHBGBN_00579       -            964   1.9e-57  184.7   1.6   1   2     3e-41   1.1e-40  129.3   0.5     7   309     5   293     1   314 0.81 -
arxA                 -            831 MODHBGBN_00579       -            964   1.9e-57  184.7   1.6   2   2   1.3e-18   4.8e-18   54.4   0.0   332   827   418   918   404   922 0.76 -
arrA                 -            846 MODHBGBN_00579       -            964   3.6e-44  140.7   1.8   1   3   9.7e-36   3.6e-35  110.9   0.2     2   293     5   293     4   299 0.87 -
arrA                 -            846 MODHBGBN_00579       -            964   3.6e-44  140.7   1.8   2   3   3.9e-05   0.00014    9.7   0.0   316   528   418   630   403   761 0.79 -
arrA                 -            846 MODHBGBN_00579       -            964   3.6e-44  140.7   1.8   3   3   1.8e-07   6.6e-07   17.4   0.0   747   788   828   869   824   909 0.95 -
aioA                 -            837 MODHBGBN_00579       -            964   5.5e-27   83.3   0.1   1   2     6e-14   2.2e-13   38.3   0.1    87   162    75   150    19   174 0.84 -
aioA                 -            837 MODHBGBN_00579       -            964   5.5e-27   83.3   0.1   2   2   1.8e-14   6.7e-14   40.0   0.0   518   787   594   872   585   878 0.67 -
arxA                 -            831 MODHBGBN_00596       -            732   1.7e-70  227.9   1.8   1   3   1.4e-45   5.1e-45  143.6   0.3     6   314     3   292     1   297 0.89 -
arxA                 -            831 MODHBGBN_00596       -            732   1.7e-70  227.9   1.8   2   3   8.1e-19     3e-18   55.1   0.0   339   568   294   518   291   533 0.79 -
arxA                 -            831 MODHBGBN_00596       -            732   1.7e-70  227.9   1.8   3   3     4e-10   1.4e-09   26.3   0.1   651   786   567   687   561   694 0.78 -
arrA                 -            846 MODHBGBN_00596       -            732   9.9e-53  169.0   0.0   1   4   5.5e-39     2e-38  121.7   0.0     2   299     4   293     3   297 0.89 -
arrA                 -            846 MODHBGBN_00596       -            732   9.9e-53  169.0   0.0   2   4   3.3e-11   1.2e-10   29.7   0.0   322   554   293   512   282   535 0.77 -
arrA                 -            846 MODHBGBN_00596       -            732   9.9e-53  169.0   0.0   3   4    0.0089     0.033    1.9   0.0   619   655   544   579   536   588 0.86 -
arrA                 -            846 MODHBGBN_00596       -            732   9.9e-53  169.0   0.0   4   4   2.7e-05    0.0001   10.2   0.0   749   788   641   680   632   730 0.73 -
aioA                 -            837 MODHBGBN_00596       -            732   6.4e-23   69.9   0.1   1   3   2.1e-16   7.7e-16   46.5   0.0    57   319    47   287     4   294 0.79 -
aioA                 -            837 MODHBGBN_00596       -            732   6.4e-23   69.9   0.1   2   3    0.0052     0.019    2.2   0.0   510   548   440   479   413   483 0.80 -
aioA                 -            837 MODHBGBN_00596       -            732   6.4e-23   69.9   0.1   3   3   1.8e-07   6.6e-07   16.9   0.0   721   790   620   688   526   692 0.75 -
arxA                 -            831 MODHBGBN_00600       -           1049   1.9e-37  118.6   6.3   1   3   6.7e-33   2.5e-32  101.7   2.1     7   309     8   305     3   314 0.79 -
arxA                 -            831 MODHBGBN_00600       -           1049   1.9e-37  118.6   6.3   2   3   1.6e-06   5.8e-06   14.4   0.2   340   567   495   731   473   774 0.78 -
arxA                 -            831 MODHBGBN_00600       -           1049   1.9e-37  118.6   6.3   3   3    0.0071     0.026    2.4   0.0   737   770   916   949   887   963 0.86 -
arrA                 -            846 MODHBGBN_00600       -           1049   5.2e-28   87.2   3.5   1   3   4.8e-25   1.8e-24   75.5   0.9     2   289     8   301     7   311 0.78 -
arrA                 -            846 MODHBGBN_00600       -           1049   5.2e-28   87.2   3.5   2   3    0.0061     0.022    2.4   0.1   323   518   494   692   472   723 0.62 -
arrA                 -            846 MODHBGBN_00600       -           1049   5.2e-28   87.2   3.5   3   3   0.00014    0.0005    7.8   0.0   747   774   917   944   912   956 0.90 -
aioA                 -            837 MODHBGBN_00600       -           1049   1.4e-13   39.0   0.2   1   3   7.4e-10   2.7e-09   24.8   0.1    54   160    51   156     1   171 0.75 -
aioA                 -            837 MODHBGBN_00600       -           1049   1.4e-13   39.0   0.2   2   3      0.16      0.58   -2.7   0.0   514   546   659   692   641   696 0.79 -
aioA                 -            837 MODHBGBN_00600       -           1049   1.4e-13   39.0   0.2   3   3   8.4e-06   3.1e-05   11.4   0.0   703   777   880   953   864   965 0.85 -
arxA                 -            831 MODHBGBN_00606       -            799     6e-34  107.0   0.4   1   4   3.2e-19   1.2e-18   56.4   0.1     6   153     8   144     4   174 0.80 -
arxA                 -            831 MODHBGBN_00606       -            799     6e-34  107.0   0.4   2   4   9.4e-09   3.4e-08   21.8   0.1   243   304   226   289   200   294 0.86 -
arxA                 -            831 MODHBGBN_00606       -            799     6e-34  107.0   0.4   3   4   0.00021   0.00077    7.4   0.0   488   562   493   570   481   602 0.68 -
arxA                 -            831 MODHBGBN_00606       -            799     6e-34  107.0   0.4   4   4   6.1e-07   2.2e-06   15.8   0.0   734   779   703   748   672   755 0.88 -
arrA                 -            846 MODHBGBN_00606       -            799   4.8e-24   74.1   0.0   1   4   2.4e-11   8.8e-11   30.2   0.0     3   139    10   141     8   166 0.85 -
arrA                 -            846 MODHBGBN_00606       -            799   4.8e-24   74.1   0.0   2   4   2.3e-08   8.5e-08   20.3   0.0   219   288   215   289   187   293 0.79 -
arrA                 -            846 MODHBGBN_00606       -            799   4.8e-24   74.1   0.0   3   4    0.0028      0.01    3.5   0.0   480   550   495   567   485   579 0.74 -
arrA                 -            846 MODHBGBN_00606       -            799   4.8e-24   74.1   0.0   4   4   1.4e-06   5.2e-06   14.4   0.0   705   786   674   746   655   755 0.84 -
aioA                 -            837 MODHBGBN_00606       -            799   6.9e-22   66.5   0.2   1   3   9.4e-09   3.5e-08   21.1   0.0    62   162    56   151    12   157 0.85 -
aioA                 -            837 MODHBGBN_00606       -            799   6.9e-22   66.5   0.2   2   3    0.0068     0.025    1.8   0.2   301   334   259   292   250   453 0.79 -
aioA                 -            837 MODHBGBN_00606       -            799   6.9e-22   66.5   0.2   3   3   4.1e-14   1.5e-13   38.9   0.0   688   785   656   751   648   772 0.88 -
arxA                 -            831 MODHBGBN_00666       -            992   5.6e-47  150.1   8.2   1   2   1.6e-36   5.9e-36  113.6   3.2     7   304     5   287     1   302 0.80 -
arxA                 -            831 MODHBGBN_00666       -            992   5.6e-47  150.1   8.2   2   2   5.1e-14   1.9e-13   39.2   0.2   315   830   407   948   386   949 0.74 -
arrA                 -            846 MODHBGBN_00666       -            992   1.3e-46  148.7   7.6   1   3   5.8e-35   2.1e-34  108.3   1.3     3   289     6   288     4   308 0.82 -
arrA                 -            846 MODHBGBN_00666       -            992   1.3e-46  148.7   7.6   2   3   4.8e-08   1.8e-07   19.3   0.0   300   517   408   627   387   660 0.76 -
arrA                 -            846 MODHBGBN_00666       -            992   1.3e-46  148.7   7.6   3   3   2.5e-09     9e-09   23.6   0.1   637   843   751   946   695   949 0.78 -
aioA                 -            837 MODHBGBN_00666       -            992   3.7e-17   50.8   0.6   1   3   9.7e-10   3.6e-09   24.4   0.3    63   164    51   151     3   175 0.76 -
aioA                 -            837 MODHBGBN_00666       -            992   3.7e-17   50.8   0.6   2   3   0.00086    0.0032    4.7   0.0   506   580   586   664   578   701 0.81 -
aioA                 -            837 MODHBGBN_00666       -            992   3.7e-17   50.8   0.6   3   3   1.2e-07   4.4e-07   17.5   0.0   673   780   792   896   774   907 0.83 -
arxA                 -            831 MODHBGBN_00705       -            972   1.3e-51  165.4   0.1   1   3   8.3e-40     3e-39  124.5   0.4     7   308     5   293     1   306 0.79 -
arxA                 -            831 MODHBGBN_00705       -            972   1.3e-51  165.4   0.1   2   3   1.9e-05   7.1e-05   10.8   0.0   343   560   431   655   414   671 0.67 -
arxA                 -            831 MODHBGBN_00705       -            972   1.3e-51  165.4   0.1   3   3   5.2e-10   1.9e-09   26.0   0.0   735   830   837   931   715   932 0.73 -
arrA                 -            846 MODHBGBN_00705       -            972   1.9e-45  144.9   0.0   1   3   1.9e-32   6.8e-32  100.0   0.0     2   301     5   302     4   326 0.82 -
arrA                 -            846 MODHBGBN_00705       -            972   1.9e-45  144.9   0.0   2   3     4e-08   1.5e-07   19.5   0.0   326   552   430   656   410   780 0.71 -
arrA                 -            846 MODHBGBN_00705       -            972   1.9e-45  144.9   0.0   3   3   1.2e-08   4.6e-08   21.2   0.0   746   790   839   883   832   920 0.93 -
aioA                 -            837 MODHBGBN_00705       -            972   1.8e-21   65.0   0.1   1   3   1.5e-15   5.5e-15   43.6   0.2    13   161    10   149     2   162 0.70 -
aioA                 -            837 MODHBGBN_00705       -            972   1.8e-21   65.0   0.1   2   3     0.036      0.13   -0.6   0.0   512   576   590   652   545   666 0.64 -
aioA                 -            837 MODHBGBN_00705       -            972   1.8e-21   65.0   0.1   3   3   1.4e-07   5.3e-07   17.2   0.0   701   782   801   881   786   888 0.87 -
arxA                 -            831 MODHBGBN_00716       -            988     2e-41  131.7   4.0   1   2   1.7e-31   6.3e-31   97.0   1.2     8   324     6   309     2   322 0.81 -
arxA                 -            831 MODHBGBN_00716       -            988     2e-41  131.7   4.0   2   2     3e-12   1.1e-11   33.4   0.1   343   814   437   930   419   947 0.68 -
arrA                 -            846 MODHBGBN_00716       -            988     4e-39  124.0   4.1   1   3   5.5e-31     2e-30   95.2   0.5     3   294     6   295     4   319 0.89 -
arrA                 -            846 MODHBGBN_00716       -            988     4e-39  124.0   4.1   2   3   4.3e-07   1.6e-06   16.1   0.1   314   658   421   779   412   788 0.61 -
arrA                 -            846 MODHBGBN_00716       -            988     4e-39  124.0   4.1   3   3   6.2e-06   2.3e-05   12.3   0.0   747   791   855   898   851   931 0.88 -
aioA                 -            837 MODHBGBN_00716       -            988   5.3e-24   73.5   0.6   1   2   4.6e-11   1.7e-10   28.8   0.2    71   169    61   155     9   178 0.80 -
aioA                 -            837 MODHBGBN_00716       -            988   5.3e-24   73.5   0.6   2   2   1.5e-14   5.6e-14   40.3   0.0   498   780   587   894   427   903 0.75 -
arxA                 -            831 MODHBGBN_00724       -            834   5.1e-46  146.9   6.8   1   4   1.5e-28   5.4e-28   87.3   0.2     4   303     7   288     4   293 0.78 -
arxA                 -            831 MODHBGBN_00724       -            834   5.1e-46  146.9   6.8   2   4   9.8e-09   3.6e-08   21.7   0.7   344   419   409   485   402   495 0.92 -
arxA                 -            831 MODHBGBN_00724       -            834   5.1e-46  146.9   6.8   3   4   6.2e-10   2.3e-09   25.7   0.0   488   571   536   616   505   634 0.85 -
arxA                 -            831 MODHBGBN_00724       -            834   5.1e-46  146.9   6.8   4   4   1.2e-05   4.3e-05   11.5   0.0   737   779   743   785   735   816 0.93 -
arrA                 -            846 MODHBGBN_00724       -            834   1.8e-36  115.2   0.2   1   5   8.3e-12     3e-11   31.7   0.0     2   140    10   144     9   161 0.83 -
arrA                 -            846 MODHBGBN_00724       -            834   1.8e-36  115.2   0.2   2   5   2.2e-12   7.9e-12   33.7   0.0   227   287   228   288   204   292 0.85 -
arrA                 -            846 MODHBGBN_00724       -            834   1.8e-36  115.2   0.2   3   5   2.1e-05   7.7e-05   10.6   0.1   326   394   407   477   398   489 0.74 -
arrA                 -            846 MODHBGBN_00724       -            834   1.8e-36  115.2   0.2   4   5   2.2e-06   7.9e-06   13.8   0.0   489   550   544   604   522   619 0.84 -
arrA                 -            846 MODHBGBN_00724       -            834   1.8e-36  115.2   0.2   5   5   8.6e-08   3.1e-07   18.5   0.0   730   815   727   814   694   818 0.79 -
aioA                 -            837 MODHBGBN_00724       -            834   1.6e-19   58.6   1.0   1   5   1.1e-05     4e-05   11.0   0.0    99   166    92   157    20   168 0.88 -
aioA                 -            837 MODHBGBN_00724       -            834   1.6e-19   58.6   1.0   2   5     5e-06   1.8e-05   12.1   0.0   296   334   254   292   221   321 0.76 -
aioA                 -            837 MODHBGBN_00724       -            834   1.6e-19   58.6   1.0   3   5     0.097      0.36   -2.1   0.3   412   430   459   477   440   487 0.71 -
aioA                 -            837 MODHBGBN_00724       -            834   1.6e-19   58.6   1.0   4   5   2.6e-05   9.5e-05    9.8   0.0   520   585   547   615   526   619 0.79 -
aioA                 -            837 MODHBGBN_00724       -            834   1.6e-19   58.6   1.0   5   5   1.9e-08   7.1e-08   20.1   0.0   690   782   696   785   692   810 0.80 -
arxA                 -            831 MODHBGBN_00728       -            785   4.2e-26   81.0   0.0   1   2   5.4e-22     2e-21   65.6   0.0    55   528     8   481     1   498 0.70 -
arxA                 -            831 MODHBGBN_00728       -            785   4.2e-26   81.0   0.0   2   2   5.3e-05   0.00019    9.4   0.0   652   789   597   730   585   759 0.71 -
arrA                 -            846 MODHBGBN_00728       -            785   3.6e-16   48.0   0.0   1   3   8.1e-11     3e-10   28.5   0.0    48   396    12   369     4   383 0.73 -
arrA                 -            846 MODHBGBN_00728       -            785   3.6e-16   48.0   0.0   2   3     0.099      0.36   -1.6   0.0   490   513   452   475   434   502 0.80 -
arrA                 -            846 MODHBGBN_00728       -            785   3.6e-16   48.0   0.0   3   3   2.3e-06   8.5e-06   13.7   0.0   739   798   671   730   656   744 0.86 -
aioA                 -            837 MODHBGBN_00728       -            785   3.8e-12   34.2   0.0   1   3   2.2e-09   8.1e-09   23.2   0.0    98   174    50   123     5   141 0.78 -
aioA                 -            837 MODHBGBN_00728       -            785   3.8e-12   34.2   0.0   2   3     0.012     0.042    1.0   0.0   520   548   454   482   408   498 0.79 -
aioA                 -            837 MODHBGBN_00728       -            785   3.8e-12   34.2   0.0   3   3   0.00038    0.0014    5.9   0.0   729   786   671   724   646   736 0.81 -
arxA                 -            831 MODHBGBN_00745       -            827   1.9e-52  168.2   8.6   1   4   1.3e-37   4.7e-37  117.3   3.2     6   296    10   295     6   311 0.83 -
arxA                 -            831 MODHBGBN_00745       -            827   1.9e-52  168.2   8.6   2   4    0.0085     0.031    2.1   0.0   342   393   392   444   385   478 0.82 -
arxA                 -            831 MODHBGBN_00745       -            827   1.9e-52  168.2   8.6   3   4   9.2e-11   3.4e-10   28.4   0.0   467   571   499   601   480   620 0.88 -
arxA                 -            831 MODHBGBN_00745       -            827   1.9e-52  168.2   8.6   4   4   2.9e-08     1e-07   20.2   0.0   735   785   735   785   712   821 0.79 -
arrA                 -            846 MODHBGBN_00745       -            827   4.7e-40  127.0   0.5   1   4     1e-28   3.8e-28   87.7   0.1     2   277    11   292    10   307 0.77 -
arrA                 -            846 MODHBGBN_00745       -            827   4.7e-40  127.0   0.5   2   4     0.005     0.018    2.7   0.0   324   378   390   444   386   473 0.84 -
arrA                 -            846 MODHBGBN_00745       -            827   4.7e-40  127.0   0.5   3   4   1.2e-05   4.3e-05   11.4   0.0   479   521   521   564   491   615 0.72 -
arrA                 -            846 MODHBGBN_00745       -            827   4.7e-40  127.0   0.5   4   4   2.6e-08   9.6e-08   20.2   0.0   692   802   691   795   678   819 0.80 -
aioA                 -            837 MODHBGBN_00745       -            827   1.2e-20   62.3   5.9   1   3   4.7e-15   1.7e-14   42.0   2.2    10   304    13   294     6   303 0.73 -
aioA                 -            837 MODHBGBN_00745       -            827   1.2e-20   62.3   5.9   2   3    0.0011    0.0039    4.4   0.0   517   586   531   601   524   615 0.72 -
aioA                 -            837 MODHBGBN_00745       -            827   1.2e-20   62.3   5.9   3   3   4.2e-07   1.6e-06   15.7   0.0   729   788   726   785   713   809 0.84 -
arxA                 -            831 MODHBGBN_00839       -           1012   3.3e-52  167.4  12.1   1   2   1.1e-39   3.9e-39  124.2   5.3     6   299     7   288     3   298 0.82 -
arxA                 -            831 MODHBGBN_00839       -           1012   3.3e-52  167.4  12.1   2   2     4e-16   1.5e-15   46.2   0.5   332   830   429   968   412   969 0.71 -
arrA                 -            846 MODHBGBN_00839       -           1012   1.2e-44  142.2   5.5   1   3     5e-37   1.8e-36  115.2   2.0     3   277     9   281     7   296 0.90 -
arrA                 -            846 MODHBGBN_00839       -           1012   1.2e-44  142.2   5.5   2   3   1.9e-05   7.1e-05   10.7   0.2   316   347   429   460   410   671 0.78 -
arrA                 -            846 MODHBGBN_00839       -           1012   1.2e-44  142.2   5.5   3   3   1.1e-06   3.9e-06   14.8   0.0   746   844   876   967   857   969 0.86 -
aioA                 -            837 MODHBGBN_00839       -           1012   5.3e-17   50.3   4.9   1   3   9.7e-13   3.6e-12   34.3   1.4    10   162    10   154     3   170 0.81 -
aioA                 -            837 MODHBGBN_00839       -           1012   5.3e-17   50.3   4.9   2   3    0.0088     0.032    1.4   0.1   507   548   599   640   426   666 0.69 -
aioA                 -            837 MODHBGBN_00839       -           1012   5.3e-17   50.3   4.9   3   3   1.9e-06   6.9e-06   13.5   0.0   705   780   842   916   820   927 0.76 -
arxA                 -            831 MODHBGBN_00944       -           1015   1.8e-53  171.6   6.0   1   2   1.1e-41     4e-41  130.7   2.5     7   307     5   294     1   322 0.78 -
arxA                 -            831 MODHBGBN_00944       -           1015   1.8e-53  171.6   6.0   2   2     1e-14   3.7e-14   41.5   0.1   332   787   437   924   422   969 0.68 -
arrA                 -            846 MODHBGBN_00944       -           1015   1.7e-45  145.1   5.6   1   3   6.4e-39   2.3e-38  121.4   1.2     2   288     5   291     4   313 0.84 -
arrA                 -            846 MODHBGBN_00944       -           1015   1.7e-45  145.1   5.6   2   3    0.0011    0.0041    4.8   0.1   312   516   433   643   421   661 0.66 -
arrA                 -            846 MODHBGBN_00944       -           1015   1.7e-45  145.1   5.6   3   3   7.4e-08   2.7e-07   18.7   0.0   747   789   877   919   873   958 0.92 -
aioA                 -            837 MODHBGBN_00944       -           1015   4.2e-26   80.4   0.0   1   3   8.2e-15     3e-14   41.2   0.2    71   165    62   155     8   190 0.85 -
aioA                 -            837 MODHBGBN_00944       -           1015   4.2e-26   80.4   0.0   2   3      0.32       1.2   -3.8   0.0   290   331   250   291   225   296 0.67 -
aioA                 -            837 MODHBGBN_00944       -           1015   4.2e-26   80.4   0.0   3   3   6.9e-13   2.5e-12   34.8   0.0   501   781   599   917   573   926 0.76 -
arxA                 -            831 MODHBGBN_00994       -            902   1.1e-64  208.7   0.1   1   2   6.9e-47   2.5e-46  147.9   0.0     6   305     6   295     1   311 0.81 -
arxA                 -            831 MODHBGBN_00994       -            902   1.1e-64  208.7   0.1   2   2   1.3e-19   4.7e-19   57.7   0.0   335   764   361   834   347   861 0.72 -
arrA                 -            846 MODHBGBN_00994       -            902   1.9e-46  148.2   0.0   1   3   1.8e-37   6.7e-37  116.6   0.0     3   287     8   293     6   304 0.83 -
arrA                 -            846 MODHBGBN_00994       -            902   1.9e-46  148.2   0.0   2   3   3.7e-09   1.4e-08   23.0   0.0   323   514   365   575   354   613 0.67 -
arrA                 -            846 MODHBGBN_00994       -            902   1.9e-46  148.2   0.0   3   3    0.0032     0.012    3.3   0.0   747   772   807   832   795   889 0.80 -
aioA                 -            837 MODHBGBN_00994       -            902   2.8e-18   54.5   0.2   1   3   1.1e-15   4.2e-15   44.0   0.0    89   167    80   160    66   222 0.76 -
aioA                 -            837 MODHBGBN_00994       -            902   2.8e-18   54.5   0.2   2   3      0.16      0.58   -2.8   0.1   517   547   550   580   542   586 0.78 -
aioA                 -            837 MODHBGBN_00994       -            902   2.8e-18   54.5   0.2   3   3   0.00012   0.00043    7.6   0.0   740   774   806   839   800   852 0.82 -
arxA                 -            831 MODHBGBN_01000       -           1134   1.1e-39  126.0   0.0   1   2   5.4e-36     2e-35  111.9   0.0     5   308     3   293     1   305 0.83 -
arxA                 -            831 MODHBGBN_01000       -           1134   1.1e-39  126.0   0.0   2   2   9.6e-06   3.5e-05   11.8   0.0   737   788   987  1036   938  1080 0.74 -
arrA                 -            846 MODHBGBN_01000       -           1134   1.7e-37  118.6   0.4   1   3   5.6e-33   2.1e-32  101.8   0.1     2   289     5   290     4   309 0.87 -
arrA                 -            846 MODHBGBN_01000       -           1134   1.7e-37  118.6   0.4   2   3       0.6       2.2   -4.2   0.0   458   515   660   716   652   726 0.80 -
arrA                 -            846 MODHBGBN_01000       -           1134   1.7e-37  118.6   0.4   3   3   1.4e-06     5e-06   14.5   0.0   747   789   988  1030   984  1041 0.93 -
aioA                 -            837 MODHBGBN_01000       -           1134   3.6e-15   44.3   0.0   1   3   9.5e-10   3.5e-09   24.4   0.1    71   165    61   154    13   161 0.85 -
aioA                 -            837 MODHBGBN_01000       -           1134   3.6e-15   44.3   0.0   2   3       0.2      0.75   -3.1   0.0   504   551   676   724   671   750 0.78 -
aioA                 -            837 MODHBGBN_01000       -           1134   3.6e-15   44.3   0.0   3   3     2e-07   7.3e-07   16.8   0.0   720   780   964  1027   945  1068 0.81 -
arsA                 -            346 MODHBGBN_01070       -            326   6.5e-11   31.5   0.4   1   2   9.7e-11   1.1e-09   27.5   0.3    19    57    80   118    62   130 0.84 -
arsA                 -            346 MODHBGBN_01070       -            326   6.5e-11   31.5   0.4   2   2    0.0074     0.082    1.5   0.0   126   155   173   202   159   277 0.87 -
arxA                 -            831 MODHBGBN_01198       -            961   2.6e-46  147.9   8.5   1   2   1.1e-37     4e-37  117.5   3.4     7   309     5   295     1   310 0.80 -
arxA                 -            831 MODHBGBN_01198       -            961   2.6e-46  147.9   8.5   2   2   3.9e-11   1.4e-10   29.7   0.2   343   780   449   869   429   877 0.67 -
arrA                 -            846 MODHBGBN_01198       -            961   3.6e-45  144.0   5.7   1   3   1.1e-34     4e-34  107.4   1.5     2   292     5   294     4   303 0.87 -
arrA                 -            846 MODHBGBN_01198       -            961   3.6e-45  144.0   5.7   2   3   6.5e-07   2.4e-06   15.5   0.0   321   548   444   668   425   686 0.72 -
arrA                 -            846 MODHBGBN_01198       -            961   3.6e-45  144.0   5.7   3   3   1.1e-08   4.1e-08   21.4   0.0   747   789   827   869   823   876 0.93 -
aioA                 -            837 MODHBGBN_01198       -            961   1.3e-19   59.0   0.4   1   3   1.5e-12   5.4e-12   33.7   0.3    71   162    61   151     6   189 0.78 -
aioA                 -            837 MODHBGBN_01198       -            961   1.3e-19   59.0   0.4   2   3     0.048      0.18   -1.0   0.0   272   318   239   294   225   296 0.72 -
aioA                 -            837 MODHBGBN_01198       -            961   1.3e-19   59.0   0.4   3   3   7.5e-09   2.7e-08   21.5   0.0   700   780   787   866   708   876 0.81 -
arxA                 -            831 MODHBGBN_01339       -            806   1.1e-42  135.9   6.0   1   5   2.5e-20   9.3e-20   60.1   0.1     5   152     5   146     1   159 0.80 -
arxA                 -            831 MODHBGBN_01339       -            806   1.1e-42  135.9   6.0   2   5   3.3e-12   1.2e-11   33.2   0.0   240   304   224   290   203   304 0.88 -
arxA                 -            831 MODHBGBN_01339       -            806   1.1e-42  135.9   6.0   3   5   4.4e-06   1.6e-05   13.0   0.1   344   407   376   440   366   461 0.86 -
arxA                 -            831 MODHBGBN_01339       -            806   1.1e-42  135.9   6.0   4   5   3.3e-06   1.2e-05   13.4   0.0   470   562   483   575   471   584 0.76 -
arxA                 -            831 MODHBGBN_01339       -            806   1.1e-42  135.9   6.0   5   5   1.1e-06   4.1e-06   14.9   0.0   737   781   715   759   688   769 0.89 -
arrA                 -            846 MODHBGBN_01339       -            806     6e-36  113.5   0.9   1   4   7.8e-24   2.9e-23   71.5   0.0     3   288     8   290     6   301 0.83 -
arrA                 -            846 MODHBGBN_01339       -            806     6e-36  113.5   0.9   2   4   5.2e-06   1.9e-05   12.6   0.2   327   385   375   433   361   461 0.71 -
arrA                 -            846 MODHBGBN_01339       -            806     6e-36  113.5   0.9   3   4   2.5e-06   9.1e-06   13.6   0.0   460   560   483   581   474   609 0.81 -
arrA                 -            846 MODHBGBN_01339       -            806     6e-36  113.5   0.9   4   4   2.3e-05   8.5e-05   10.4   0.0   702   788   680   757   660   784 0.85 -
aioA                 -            837 MODHBGBN_01339       -            806   2.3e-20   61.4   0.1   1   4   2.7e-08   9.9e-08   19.6   0.0    10   164     9   156     1   167 0.73 -
aioA                 -            837 MODHBGBN_01339       -            806   2.3e-20   61.4   0.1   2   4   1.2e-05   4.5e-05   10.8   0.0   299   334   258   293   229   314 0.83 -
aioA                 -            837 MODHBGBN_01339       -            806   2.3e-20   61.4   0.1   3   4     0.049      0.18   -1.1   0.0   519   548   515   543   488   557 0.84 -
aioA                 -            837 MODHBGBN_01339       -            806   2.3e-20   61.4   0.1   4   4   3.6e-10   1.3e-09   25.9   0.0   729   785   705   760   655   779 0.81 -
arxA                 -            831 MODHBGBN_01361       -            833   3.2e-50  160.8   3.5   1   3   5.2e-33   1.9e-32  102.0   0.3     6   303     9   311     7   317 0.74 -
arxA                 -            831 MODHBGBN_01361       -            833   3.2e-50  160.8   3.5   2   3   2.8e-12     1e-11   33.5   0.2   344   571   402   614   395   649 0.73 -
arxA                 -            831 MODHBGBN_01361       -            833   3.2e-50  160.8   3.5   3   3   2.9e-09   1.1e-08   23.5   0.0   736   823   743   821   713   829 0.86 -
arrA                 -            846 MODHBGBN_01361       -            833   4.9e-29   90.6   0.2   1   5   1.8e-10   6.6e-10   27.3   0.0     2   137    10   147     9   163 0.78 -
arrA                 -            846 MODHBGBN_01361       -            833   4.9e-29   90.6   0.2   2   5   1.2e-13   4.4e-13   37.8   0.0   190   286   216   310   199   315 0.83 -
arrA                 -            846 MODHBGBN_01361       -            833   4.9e-29   90.6   0.2   3   5   3.3e-05   0.00012    9.9   0.0   327   410   401   482   390   508 0.79 -
arrA                 -            846 MODHBGBN_01361       -            833   4.9e-29   90.6   0.2   4   5    0.0074     0.027    2.1   0.0   480   521   537   578   513   606 0.77 -
arrA                 -            846 MODHBGBN_01361       -            833   4.9e-29   90.6   0.2   5   5   0.00033    0.0012    6.6   0.0   746   805   744   805   692   828 0.74 -
aioA                 -            837 MODHBGBN_01361       -            833   9.2e-18   52.8   5.2   1   4   1.1e-08   3.9e-08   21.0   1.4    98   304    95   302    11   304 0.67 -
aioA                 -            837 MODHBGBN_01361       -            833   9.2e-18   52.8   5.2   2   4   0.00095    0.0035    4.6   0.0   282   336   263   317   254   327 0.89 -
aioA                 -            837 MODHBGBN_01361       -            833   9.2e-18   52.8   5.2   3   4    0.0001   0.00037    7.8   0.1   515   590   544   618   522   633 0.85 -
aioA                 -            837 MODHBGBN_01361       -            833   9.2e-18   52.8   5.2   4   4   4.1e-08   1.5e-07   19.0   0.0   743   790   747   794   711   809 0.85 -
arxA                 -            831 MODHBGBN_01425       -            852   1.6e-53  171.8   3.1   1   3   7.4e-45   2.7e-44  141.2   5.5     7   403     2   404     1   424 0.79 -
arxA                 -            831 MODHBGBN_01425       -            852   1.6e-53  171.8   3.1   2   3   4.6e-07   1.7e-06   16.2   0.0   497   570   513   582   503   613 0.88 -
arxA                 -            831 MODHBGBN_01425       -            852   1.6e-53  171.8   3.1   3   3   0.00011   0.00041    8.3   0.0   735   771   768   804   762   816 0.86 -
aioA                 -            837 MODHBGBN_01425       -            852     1e-36  115.5   0.2   1   3   9.6e-21   3.5e-20   60.8   2.9    10   408     4   398     2   413 0.78 -
aioA                 -            837 MODHBGBN_01425       -            852     1e-36  115.5   0.2   2   3   1.6e-09     6e-09   23.7   0.0   519   583   516   580   507   594 0.89 -
aioA                 -            837 MODHBGBN_01425       -            852     1e-36  115.5   0.2   3   3   1.2e-09   4.2e-09   24.2   0.0   703   769   733   799   713   816 0.89 -
arrA                 -            846 MODHBGBN_01425       -            852   8.8e-35  109.6   0.2   1   3   2.8e-30     1e-29   92.8   0.4     1   386     1   402     1   418 0.79 -
arrA                 -            846 MODHBGBN_01425       -            852   8.8e-35  109.6   0.2   2   3      0.19      0.71   -2.6   0.0   503   541   528   562   515   578 0.72 -
arrA                 -            846 MODHBGBN_01425       -            852   8.8e-35  109.6   0.2   3   3   2.4e-06   8.9e-06   13.7   0.0   746   776   770   800   765   809 0.90 -
arsA                 -            346 MODHBGBN_01479       -            261   5.5e-12   35.0   0.9   1   1   7.8e-12   8.6e-11   31.1   0.9    23   155    12   135     4   141 0.69 -
arxA                 -            831 MODHBGBN_01502       -            997   3.6e-57  183.8   6.0   1   2   2.3e-39   8.4e-39  123.1   0.8     8   325     7   310     1   318 0.87 -
arxA                 -            831 MODHBGBN_01502       -            997   3.6e-57  183.8   6.0   2   2   2.1e-21   7.8e-21   63.6   0.4   332   788   436   913   416   957 0.78 -
arrA                 -            846 MODHBGBN_01502       -            997   1.3e-44  142.1   3.2   1   3   1.9e-32   7.1e-32  100.0   0.0     2   310     6   311     5   322 0.89 -
arrA                 -            846 MODHBGBN_01502       -            997   1.3e-44  142.1   3.2   2   3   2.9e-06   1.1e-05   13.4   0.6   293   516   420   646   416   682 0.62 -
arrA                 -            846 MODHBGBN_01502       -            997   1.3e-44  142.1   3.2   3   3   2.8e-10     1e-09   26.7   0.0   746   789   864   907   856   911 0.95 -
aioA                 -            837 MODHBGBN_01502       -            997   9.3e-22   66.0   1.7   1   3   3.2e-10   1.2e-09   26.0   1.3    61   180    52   173     5   185 0.73 -
aioA                 -            837 MODHBGBN_01502       -            997   9.3e-22   66.0   1.7   2   3   0.00062    0.0023    5.2   0.0   276   332   234   290   224   314 0.89 -
aioA                 -            837 MODHBGBN_01502       -            997   9.3e-22   66.0   1.7   3   3   1.4e-11     5e-11   30.5   0.0   520   781   622   905   598   924 0.62 -
arxA                 -            831 MODHBGBN_01523       -            972   8.5e-51  162.7   4.8   1   3   1.3e-38   4.9e-38  120.5   1.3     6   307     4   291     1   301 0.86 -
arxA                 -            831 MODHBGBN_01523       -            972   8.5e-51  162.7   4.8   2   3   3.5e-09   1.3e-08   23.2   0.1   341   570   456   693   431   792 0.75 -
arxA                 -            831 MODHBGBN_01523       -            972   8.5e-51  162.7   4.8   3   3   7.3e-08   2.7e-07   18.9   0.0   737   819   851   932   827   944 0.80 -
arrA                 -            846 MODHBGBN_01523       -            972   3.8e-39  124.1   0.0   1   3   4.4e-32   1.6e-31   98.8   0.1     2   293     5   293     4   307 0.89 -
arrA                 -            846 MODHBGBN_01523       -            972   3.8e-39  124.1   0.0   2   3    0.0004    0.0015    6.3   0.0   448   550   583   686   433   719 0.72 -
arrA                 -            846 MODHBGBN_01523       -            972   3.8e-39  124.1   0.0   3   3   8.6e-07   3.2e-06   15.1   0.0   747   788   852   893   848   938 0.93 -
aioA                 -            837 MODHBGBN_01523       -            972   5.8e-17   50.2   0.0   1   5   1.5e-10   5.4e-10   27.1   0.1    71   162    61   150     7   163 0.81 -
aioA                 -            837 MODHBGBN_01523       -            972   5.8e-17   50.2   0.0   2   5     0.012     0.044    1.0   0.0   282   332   239   289   222   304 0.79 -
aioA                 -            837 MODHBGBN_01523       -            972   5.8e-17   50.2   0.0   3   5      0.18      0.67   -3.0   0.0   349   382   452   485   441   493 0.88 -
aioA                 -            837 MODHBGBN_01523       -            972   5.8e-17   50.2   0.0   4   5    0.0035     0.013    2.7   0.0   511   548   617   654   602   695 0.71 -
aioA                 -            837 MODHBGBN_01523       -            972   5.8e-17   50.2   0.0   5   5     3e-06   1.1e-05   12.9   0.0   729   775   840   886   809   900 0.78 -
arxA                 -            831 MODHBGBN_01585       -           1047   9.3e-47  149.4   0.9   1   3   1.2e-36   4.4e-36  114.1   0.2     7   310     5   293     2   303 0.80 -
arxA                 -            831 MODHBGBN_01585       -           1047   9.3e-47  149.4   0.9   2   3   0.00028     0.001    7.0   0.0   336   361   436   461   418   478 0.85 -
arxA                 -            831 MODHBGBN_01585       -           1047   9.3e-47  149.4   0.9   3   3   6.4e-09   2.3e-08   22.4   0.0   489   777   629   951   608   961 0.64 -
arrA                 -            846 MODHBGBN_01585       -           1047   2.4e-46  147.8   2.1   1   4     4e-35   1.5e-34  108.9   0.1     2   293     5   292     4   301 0.82 -
arrA                 -            846 MODHBGBN_01585       -           1047   2.4e-46  147.8   2.1   2   4   1.9e-05   7.1e-05   10.7   0.0   319   343   435   459   417   466 0.85 -
arrA                 -            846 MODHBGBN_01585       -           1047   2.4e-46  147.8   2.1   3   4   8.1e-07     3e-06   15.2   0.0   475   569   623   715   601   794 0.76 -
arrA                 -            846 MODHBGBN_01585       -           1047   2.4e-46  147.8   2.1   4   4   4.3e-05   0.00016    9.5   0.0   746   787   911   952   895   957 0.95 -
aioA                 -            837 MODHBGBN_01585       -           1047   6.4e-19   56.7   0.2   1   3   5.3e-11   1.9e-10   28.6   0.1    63   162    51   149     6   157 0.75 -
aioA                 -            837 MODHBGBN_01585       -           1047   6.4e-19   56.7   0.2   2   3     0.079      0.29   -1.8   0.0   284   315   257   288   228   298 0.62 -
aioA                 -            837 MODHBGBN_01585       -           1047   6.4e-19   56.7   0.2   3   3   9.2e-08   3.4e-07   17.9   0.0   516   780   637   951   618   954 0.67 -
arxA                 -            831 MODHBGBN_01647       -           1016   8.2e-46  146.2   0.4   1   3   2.6e-42   9.4e-42  132.8   0.2     6   328     4   310     1   318 0.88 -
arxA                 -            831 MODHBGBN_01647       -           1016   8.2e-46  146.2   0.4   2   3   4.3e-05   0.00016    9.7   0.0   332   545   450   672   430   694 0.69 -
arxA                 -            831 MODHBGBN_01647       -           1016   8.2e-46  146.2   0.4   3   3      0.05      0.18   -0.4   0.0   737   767   880   910   853   923 0.84 -
arrA                 -            846 MODHBGBN_01647       -           1016   1.2e-38  122.4   0.1   1   3   2.1e-34   7.9e-34  106.5   0.0     2   313     5   311     4   327 0.86 -
arrA                 -            846 MODHBGBN_01647       -           1016   1.2e-38  122.4   0.1   2   3   0.00022   0.00081    7.2   0.0   301   517   435   653   428   686 0.67 -
arrA                 -            846 MODHBGBN_01647       -           1016   1.2e-38  122.4   0.1   3   3    0.0012    0.0044    4.7   0.0   747   773   881   907   876   922 0.84 -
aioA                 -            837 MODHBGBN_01647       -           1016   1.1e-12   36.0   0.0   1   4   4.1e-09   1.5e-08   22.3   0.0    76   163    67   152    38   165 0.81 -
aioA                 -            837 MODHBGBN_01647       -           1016   1.1e-12   36.0   0.0   2   4     0.077      0.28   -1.7   0.0   283   340   257   311   241   329 0.79 -
aioA                 -            837 MODHBGBN_01647       -           1016   1.1e-12   36.0   0.0   3   4    0.0069     0.025    1.7   0.0   520   547   628   655   614   660 0.86 -
aioA                 -            837 MODHBGBN_01647       -           1016   1.1e-12   36.0   0.0   4   4   0.00025   0.00093    6.5   0.0   705   760   846   900   811   921 0.84 -
arxA                 -            831 MODHBGBN_01653       -            832   1.1e-54  175.6   1.1   1   4   1.7e-34   6.2e-34  107.0   0.5     6   302     9   298     5   303 0.71 -
arxA                 -            831 MODHBGBN_01653       -            832   1.1e-54  175.6   1.1   2   4   1.1e-06   4.1e-06   14.9   0.0   338   419   383   463   365   473 0.89 -
arxA                 -            831 MODHBGBN_01653       -            832   1.1e-54  175.6   1.1   3   4   1.5e-07   5.4e-07   17.9   0.0   477   582   507   611   488   626 0.77 -
arxA                 -            831 MODHBGBN_01653       -            832   1.1e-54  175.6   1.1   4   4   1.3e-11   4.9e-11   31.2   0.0   735   805   741   802   650   828 0.77 -
arrA                 -            846 MODHBGBN_01653       -            832   3.7e-41  130.7   0.0   1   4   1.8e-25   6.6e-25   76.9   0.0     3   280    11   292     9   301 0.77 -
arrA                 -            846 MODHBGBN_01653       -            832   3.7e-41  130.7   0.0   2   4     2e-06   7.2e-06   14.0   0.0   321   396   382   455   367   474 0.76 -
arrA                 -            846 MODHBGBN_01653       -            832   3.7e-41  130.7   0.0   3   4    0.0014    0.0052    4.5   0.0   471   521   509   560   491   622 0.65 -
arrA                 -            846 MODHBGBN_01653       -            832   3.7e-41  130.7   0.0   4   4   4.4e-11   1.6e-10   29.3   0.0   743   803   740   802   727   821 0.84 -
aioA                 -            837 MODHBGBN_01653       -            832   9.8e-24   72.6   0.3   1   4     6e-11   2.2e-10   28.4   0.1    10   169    12   162     4   187 0.67 -
aioA                 -            837 MODHBGBN_01653       -            832   9.8e-24   72.6   0.3   2   4    0.0034     0.013    2.7   0.0   282   335   251   304   235   321 0.83 -
aioA                 -            837 MODHBGBN_01653       -            832   9.8e-24   72.6   0.3   3   4    0.0054      0.02    2.1   0.0   519   588   531   600   514   624 0.76 -
aioA                 -            837 MODHBGBN_01653       -            832   9.8e-24   72.6   0.3   4   4   1.5e-12   5.4e-12   33.7   0.0   713   789   715   792   700   816 0.83 -
arxA                 -            831 MODHBGBN_01658       -            952   9.6e-54  172.5   3.2   1   2   4.4e-38   1.6e-37  118.8   0.7     7   326     5   307     1   315 0.80 -
arxA                 -            831 MODHBGBN_01658       -            952   9.6e-54  172.5   3.2   2   2   6.6e-18   2.4e-17   52.1   0.1   341   780   433   857   418   865 0.78 -
arrA                 -            846 MODHBGBN_01658       -            952   6.9e-44  139.7   0.8   1   3   9.5e-35   3.5e-34  107.6   0.1     2   296     5   295     4   310 0.84 -
arrA                 -            846 MODHBGBN_01658       -            952   6.9e-44  139.7   0.8   2   3   3.1e-05   0.00011   10.0   0.0   323   554   431   661   410   751 0.74 -
arrA                 -            846 MODHBGBN_01658       -            952   6.9e-44  139.7   0.8   3   3   6.4e-08   2.3e-07   18.9   0.0   747   789   815   857   808   883 0.92 -
aioA                 -            837 MODHBGBN_01658       -            952   7.6e-24   72.9   0.4   1   3     3e-10   1.1e-09   26.1   0.2    60   162    48   149     1   168 0.73 -
aioA                 -            837 MODHBGBN_01658       -            952   7.6e-24   72.9   0.4   2   3      0.32       1.2   -3.8   0.0   284   317   257   290   236   292 0.79 -
aioA                 -            837 MODHBGBN_01658       -            952   7.6e-24   72.9   0.4   3   3   1.5e-15   5.5e-15   43.6   0.0   500   778   576   852   571   864 0.70 -
arxA                 -            831 MODHBGBN_01678       -            728   5.7e-33  103.8   1.8   1   3     2e-20   7.2e-20   60.4   0.1    59   307     6   249     2   253 0.85 -
arxA                 -            831 MODHBGBN_01678       -            728   5.7e-33  103.8   1.8   2   3   4.1e-10   1.5e-09   26.3   0.4   328   590   248   509   245   520 0.75 -
arxA                 -            831 MODHBGBN_01678       -            728   5.7e-33  103.8   1.8   3   3   1.2e-06   4.4e-06   14.8   0.0   677   784   549   656   542   674 0.74 -
arrA                 -            846 MODHBGBN_01678       -            728   2.4e-24   75.1   2.8   1   4   2.1e-15   7.6e-15   43.7   0.0    48   287     6   245     2   248 0.84 -
arrA                 -            846 MODHBGBN_01678       -            728   2.4e-24   75.1   2.8   2   4   5.6e-09   2.1e-08   22.4   0.8   308   386   244   320   243   339 0.83 -
arrA                 -            846 MODHBGBN_01678       -            728   2.4e-24   75.1   2.8   3   4       0.1      0.37   -1.6   0.0   476   514   410   448   394   467 0.84 -
arrA                 -            846 MODHBGBN_01678       -            728   2.4e-24   75.1   2.8   4   4   9.4e-05   0.00034    8.4   0.0   746   792   609   655   602   669 0.90 -
aioA                 -            837 MODHBGBN_01678       -            728   1.3e-22   68.9   0.1   1   3   2.1e-14   7.7e-14   39.8   0.2    91   379    33   286     6   298 0.77 -
aioA                 -            837 MODHBGBN_01678       -            728   1.3e-22   68.9   0.1   2   3     0.013     0.047    0.8   0.0   521   586   427   492   414   505 0.83 -
aioA                 -            837 MODHBGBN_01678       -            728   1.3e-22   68.9   0.1   3   3   3.5e-08   1.3e-07   19.3   0.0   664   805   536   674   515   689 0.79 -
arxA                 -            831 MODHBGBN_01748       -            837   9.3e-48  152.7   0.3   1   3   2.8e-30     1e-29   93.0   0.3     7   295    10   293     7   305 0.75 -
arxA                 -            831 MODHBGBN_01748       -            837   9.3e-48  152.7   0.3   2   3   1.3e-10   4.6e-10   28.0   0.1   459   581   493   612   481   629 0.86 -
arxA                 -            831 MODHBGBN_01748       -            837   9.3e-48  152.7   0.3   3   3   1.9e-10   7.1e-10   27.4   0.0   649   784   659   794   648   810 0.79 -
arrA                 -            846 MODHBGBN_01748       -            837   5.6e-34  107.0   0.2   1   3     2e-26   7.2e-26   80.1   0.1     3   279    11   293     9   304 0.78 -
arrA                 -            846 MODHBGBN_01748       -            837   5.6e-34  107.0   0.2   2   3    0.0062     0.023    2.4   0.0   460   555   504   597   487   636 0.74 -
arrA                 -            846 MODHBGBN_01748       -            837   5.6e-34  107.0   0.2   3   3   3.7e-08   1.4e-07   19.6   0.0   642   789   660   790   641   802 0.76 -
aioA                 -            837 MODHBGBN_01748       -            837   9.4e-24   72.6   2.7   1   3   6.2e-14   2.3e-13   38.3   0.7    11   242    13   238     8   292 0.82 -
aioA                 -            837 MODHBGBN_01748       -            837   9.4e-24   72.6   2.7   2   3    0.0074     0.027    1.6   0.0   520   585   537   603   510   623 0.78 -
aioA                 -            837 MODHBGBN_01748       -            837   9.4e-24   72.6   2.7   3   3   1.3e-11   4.8e-11   30.6   0.0   702   789   711   796   657   807 0.86 -
arxA                 -            831 MODHBGBN_01763       -            809   1.4e-50  162.0   6.5   1   2   1.2e-37   4.3e-37  117.4   5.2     7   404     6   406     3   426 0.75 -
arxA                 -            831 MODHBGBN_01763       -            809   1.4e-50  162.0   6.5   2   2   1.3e-13   4.8e-13   37.9   0.0   501   791   504   769   471   802 0.79 -
arrA                 -            846 MODHBGBN_01763       -            809   1.9e-30   95.3   1.8   1   3   3.4e-24   1.2e-23   72.7   1.2     3   378     7   395     5   433 0.72 -
arrA                 -            846 MODHBGBN_01763       -            809   1.9e-30   95.3   1.8   2   3     0.039      0.14   -0.3   0.0   488   515   500   527   463   602 0.86 -
arrA                 -            846 MODHBGBN_01763       -            809   1.9e-30   95.3   1.8   3   3   1.6e-07     6e-07   17.5   0.0   746   821   717   786   653   806 0.80 -
aioA                 -            837 MODHBGBN_01763       -            809   1.5e-16   48.8   1.0   1   2   1.3e-09   4.7e-09   24.0   0.4    75   310    65   306     2   389 0.70 -
aioA                 -            837 MODHBGBN_01763       -            809   1.5e-16   48.8   1.0   2   2   4.7e-09   1.7e-08   22.2   0.0   509   787   494   764   478   780 0.86 -
arxA                 -            831 MODHBGBN_01888       -            962   2.5e-41  131.4   5.6   1   4   1.5e-33   5.7e-33  103.8   1.8     7   306     5   308     1   313 0.79 -
arxA                 -            831 MODHBGBN_01888       -            962   2.5e-41  131.4   5.6   2   4    0.0001   0.00038    8.4   0.0   440   540   530   641   493   660 0.70 -
arxA                 -            831 MODHBGBN_01888       -            962   2.5e-41  131.4   5.6   3   4     0.017     0.063    1.1   0.0   100   148   670   718   662   721 0.88 -
arxA                 -            831 MODHBGBN_01888       -            962   2.5e-41  131.4   5.6   4   4   2.8e-06     1e-05   13.6   0.0   737   780   835   878   830   898 0.95 -
arrA                 -            846 MODHBGBN_01888       -            962     8e-33  103.1   0.2   1   3   2.1e-26   7.8e-26   80.0   0.3     3   289     6   307     4   311 0.78 -
arrA                 -            846 MODHBGBN_01888       -            962     8e-33  103.1   0.2   2   3       0.2      0.73   -2.6   0.0   453   514   561   623   555   629 0.82 -
arrA                 -            846 MODHBGBN_01888       -            962     8e-33  103.1   0.2   3   3   1.9e-07     7e-07   17.3   0.0   746   788   835   877   828   930 0.96 -
aioA                 -            837 MODHBGBN_01888       -            962   4.2e-15   44.0   0.1   1   3   5.3e-10   1.9e-09   25.3   0.1    57   180    45   169    30   184 0.85 -
aioA                 -            837 MODHBGBN_01888       -            962   4.2e-15   44.0   0.1   2   3     0.095      0.35   -2.0   0.0   268   317   262   309   247   312 0.73 -
aioA                 -            837 MODHBGBN_01888       -            962   4.2e-15   44.0   0.1   3   3   4.8e-07   1.7e-06   15.5   0.0   727   782   822   877   790   881 0.90 -
arxA                 -            831 MODHBGBN_01893       -            968     9e-53  169.3   1.8   1   2   8.7e-39   3.2e-38  121.1   1.1     5   309     3   294     1   309 0.82 -
arxA                 -            831 MODHBGBN_01893       -            968     9e-53  169.3   1.8   2   2   3.5e-16   1.3e-15   46.4   0.0   342   780   436   877   423   891 0.79 -
arrA                 -            846 MODHBGBN_01893       -            968   2.9e-39  124.4   0.7   1   3   2.2e-31   8.1e-31   96.5   0.3     2   295     5   296     4   304 0.85 -
arrA                 -            846 MODHBGBN_01893       -            968   2.9e-39  124.4   0.7   2   3     0.012     0.045    1.4   0.0   449   528   562   639   426   669 0.81 -
arrA                 -            846 MODHBGBN_01893       -            968   2.9e-39  124.4   0.7   3   3   3.9e-09   1.4e-08   22.9   0.0   747   789   835   877   831   886 0.92 -
aioA                 -            837 MODHBGBN_01893       -            968     3e-19   57.7   0.2   1   4   3.5e-09   1.3e-08   22.6   0.0    81   160    71   149    34   168 0.83 -
aioA                 -            837 MODHBGBN_01893       -            968     3e-19   57.7   0.2   2   4     0.079      0.29   -1.8   0.0   276   318   242   293   226   297 0.71 -
aioA                 -            837 MODHBGBN_01893       -            968     3e-19   57.7   0.2   3   4   0.00019   0.00069    6.9   0.0   519   578   603   664   588   680 0.85 -
aioA                 -            837 MODHBGBN_01893       -            968     3e-19   57.7   0.2   4   4   1.7e-09   6.4e-09   23.6   0.0   689   782   782   876   701   884 0.85 -
arxA                 -            831 MODHBGBN_01902       -            903   8.6e-47  149.5   0.2   1   2   3.2e-41   1.2e-40  129.2   0.4     5   304     3   301     1   307 0.81 -
arxA                 -            831 MODHBGBN_01902       -            903   8.6e-47  149.5   0.2   2   2   1.9e-07   6.9e-07   17.5   0.0   441   780   479   816   427   842 0.77 -
arrA                 -            846 MODHBGBN_01902       -            903   2.2e-33  105.0   0.1   1   3   5.8e-29   2.1e-28   88.5   0.2     3   286     6   299     4   306 0.79 -
arrA                 -            846 MODHBGBN_01902       -            903   2.2e-33  105.0   0.1   2   3     0.002    0.0072    4.0   0.0   451   515   497   562   492   694 0.89 -
arrA                 -            846 MODHBGBN_01902       -            903   2.2e-33  105.0   0.1   3   3   0.00015   0.00055    7.7   0.0   747   793   774   817   720   866 0.78 -
aioA                 -            837 MODHBGBN_01902       -            903   6.5e-20   59.9   1.8   1   3     2e-14   7.2e-14   39.9   0.4    57   194    46   174     4   183 0.77 -
aioA                 -            837 MODHBGBN_01902       -            903   6.5e-20   59.9   1.8   2   3    0.0017    0.0063    3.8   0.0   520   553   538   572   527   612 0.84 -
aioA                 -            837 MODHBGBN_01902       -            903   6.5e-20   59.9   1.8   3   3   1.7e-06   6.3e-06   13.7   0.0   729   780   762   813   746   817 0.89 -
arxA                 -            831 MODHBGBN_01926       -            823   7.3e-56  179.5   4.1   1   3   2.2e-35   8.2e-35  109.9   1.8     8   300    11   295     8   302 0.76 -
arxA                 -            831 MODHBGBN_01926       -            823   7.3e-56  179.5   4.1   2   3   1.7e-13   6.2e-13   37.5   0.1   338   586   382   619   369   634 0.77 -
arxA                 -            831 MODHBGBN_01926       -            823   7.3e-56  179.5   4.1   3   3   1.4e-09   5.1e-09   24.6   0.0   736   829   732   816   714   818 0.81 -
arrA                 -            846 MODHBGBN_01926       -            823   2.8e-40  127.8   0.1   1   4     2e-27   7.2e-27   83.4   0.2     3   283    11   294    10   301 0.75 -
arrA                 -            846 MODHBGBN_01926       -            823   2.8e-40  127.8   0.1   2   4   0.00072    0.0026    5.5   0.0   322   390   382   449   369   471 0.74 -
arrA                 -            846 MODHBGBN_01926       -            823   2.8e-40  127.8   0.1   3   4   1.9e-06   6.8e-06   14.0   0.0   469   523   506   563   496   648 0.68 -
arrA                 -            846 MODHBGBN_01926       -            823   2.8e-40  127.8   0.1   4   4   1.2e-07   4.3e-07   18.0   0.0   741   793   728   780   684   810 0.79 -
aioA                 -            837 MODHBGBN_01926       -            823   4.9e-24   73.6   1.3   1   3   2.9e-15   1.1e-14   42.7   0.3    10   312    12   297     9   333 0.81 -
aioA                 -            837 MODHBGBN_01926       -            823   4.9e-24   73.6   1.3   2   3    0.0053     0.019    2.1   0.0   516   549   527   560   520   613 0.71 -
aioA                 -            837 MODHBGBN_01926       -            823   4.9e-24   73.6   1.3   3   3   7.1e-10   2.6e-09   24.9   0.0   729   788   722   781   710   807 0.86 -
arxA                 -            831 MODHBGBN_01931       -            840   1.8e-49  158.4   5.5   1   4   5.3e-32     2e-31   98.7   0.4     8   307    11   303     7   315 0.79 -
arxA                 -            831 MODHBGBN_01931       -            840   1.8e-49  158.4   5.5   2   4   6.7e-05   0.00024    9.1   0.0   344   405   407   467   397   475 0.90 -
arxA                 -            831 MODHBGBN_01931       -            840   1.8e-49  158.4   5.5   3   4   5.9e-08   2.1e-07   19.2   0.2   464   567   510   612   490   640 0.79 -
arxA                 -            831 MODHBGBN_01931       -            840   1.8e-49  158.4   5.5   4   4   1.7e-11   6.2e-11   30.9   0.0   648   794   666   811   644   834 0.77 -
arrA                 -            846 MODHBGBN_01931       -            840     3e-35  111.2   4.0   1   4   1.9e-24     7e-24   73.5   0.1     3   290    11   302     9   309 0.74 -
arrA                 -            846 MODHBGBN_01931       -            840     3e-35  111.2   4.0   2   4      0.02     0.073    0.7   0.1   324   394   403   474   387   498 0.82 -
arrA                 -            846 MODHBGBN_01931       -            840     3e-35  111.2   4.0   3   4   2.9e-06   1.1e-05   13.4   0.0   479   579   536   629   512   661 0.72 -
arrA                 -            846 MODHBGBN_01931       -            840     3e-35  111.2   4.0   4   4   1.2e-08   4.4e-08   21.3   0.0   743   789   749   795   736   811 0.90 -
aioA                 -            837 MODHBGBN_01931       -            840   3.6e-25   77.3   0.2   1   3   5.3e-12   1.9e-11   31.9   0.1    99   313    96   299    76   305 0.83 -
aioA                 -            837 MODHBGBN_01931       -            840   3.6e-25   77.3   0.2   2   3     0.003     0.011    2.9   0.0   512   575   542   605   523   621 0.70 -
aioA                 -            837 MODHBGBN_01931       -            840   3.6e-25   77.3   0.2   3   3   5.3e-14   1.9e-13   38.5   0.0   706   788   720   800   701   817 0.83 -
arxA                 -            831 MODHBGBN_01958       -            846   4.7e-37  117.3   2.1   1   3     5e-27   1.8e-26   82.2   0.3     7   302    10   298     7   304 0.79 -
arxA                 -            831 MODHBGBN_01958       -            846   4.7e-37  117.3   2.1   2   3   4.2e-10   1.5e-09   26.3   0.2   340   570   388   608   384   638 0.67 -
arxA                 -            831 MODHBGBN_01958       -            846   4.7e-37  117.3   2.1   3   3    0.0024    0.0088    3.9   0.0   737   784   758   805   739   838 0.85 -
arrA                 -            846 MODHBGBN_01958       -            846   1.9e-23   72.1   0.4   1   3   3.2e-16   1.2e-15   46.4   0.2     1   282     9   294     9   301 0.71 -
arrA                 -            846 MODHBGBN_01958       -            846   1.9e-23   72.1   0.4   2   3   4.7e-06   1.7e-05   12.7   0.0   464   525   514   575   504   642 0.81 -
arrA                 -            846 MODHBGBN_01958       -            846   1.9e-23   72.1   0.4   3   3   8.8e-05   0.00032    8.5   0.0   705   808   725   822   719   837 0.78 -
aioA                 -            837 MODHBGBN_01958       -            846   4.4e-20   60.5   0.1   1   3   5.2e-09   1.9e-08   22.0   0.1    73   143    69   141     9   167 0.69 -
aioA                 -            837 MODHBGBN_01958       -            846   4.4e-20   60.5   0.1   2   3   9.1e-09   3.3e-08   21.2   0.0   358   592   390   617   221   662 0.80 -
aioA                 -            837 MODHBGBN_01958       -            846   4.4e-20   60.5   0.1   3   3   3.6e-06   1.3e-05   12.6   0.0   723   769   741   787   687   816 0.80 -
arxA                 -            831 MODHBGBN_01982       -            853   1.5e-49  158.6  13.4   1   3   2.5e-31   9.1e-31   96.5   3.6     8   303    11   299     7   314 0.78 -
arxA                 -            831 MODHBGBN_01982       -            853   1.5e-49  158.6  13.4   2   3   6.9e-17   2.5e-16   48.7   3.7   338   571   401   620   302   634 0.74 -
arxA                 -            831 MODHBGBN_01982       -            853   1.5e-49  158.6  13.4   3   3   8.5e-06   3.1e-05   12.0   0.0   649   828   678   847   628   850 0.83 -
arrA                 -            846 MODHBGBN_01982       -            853   8.5e-33  103.0   2.9   1   4   3.6e-24   1.3e-23   72.6   0.1     3   287    11   299     9   315 0.79 -
arrA                 -            846 MODHBGBN_01982       -            853   8.5e-33  103.0   2.9   2   4    0.0013    0.0048    4.6   0.1   324   416   403   502   327   510 0.77 -
arrA                 -            846 MODHBGBN_01982       -            853   8.5e-33  103.0   2.9   3   4   5.3e-06     2e-05   12.5   0.0   461   562   521   619   512   637 0.81 -
arrA                 -            846 MODHBGBN_01982       -            853   8.5e-33  103.0   2.9   4   4   1.9e-05   7.1e-05   10.7   0.0   705   789   732   808   704   833 0.73 -
aioA                 -            837 MODHBGBN_01982       -            853   1.3e-16   49.0   2.2   1   4   1.7e-12   6.1e-12   33.6   0.2    99   305    95   291    72   301 0.83 -
aioA                 -            837 MODHBGBN_01982       -            853   1.3e-16   49.0   2.2   2   4     0.014     0.051    0.7   0.0   353   410   404   462   374   492 0.79 -
aioA                 -            837 MODHBGBN_01982       -            853   1.3e-16   49.0   2.2   3   4     0.022     0.079    0.1   0.0   531   587   564   617   511   635 0.79 -
aioA                 -            837 MODHBGBN_01982       -            853   1.3e-16   49.0   2.2   4   4   1.7e-05   6.1e-05   10.4   0.0   738   786   763   811   747   839 0.82 -
#
# Program:         hmmscan
# Version:         3.3.2 (Nov 2020)
# Pipeline mode:   SCAN
# Query file:      Parvibacter_caecicola_22242/prokka/Parvibacter_caecicola_22242.faa
# Target file:     /Volumes/Gabri_Bio/Arsenic_project/ars/genes.hmm
# Option settings: hmmscan -o hmmscanned_prokka/Parvibacter_caecicola_22242_anvio.stdout.txt --domtblout hmmscanned_prokka/Parvibacter_caecicola_22242_anvio.tbl.txt -E 0.0000000001 --cpu 4 /Volumes/Gabri_Bio/Arsenic_project/ars/genes.hmm Parvibacter_caecicola_22242/prokka/Parvibacter_caecicola_22242.faa 
# Current dir:     /Volumes/Gabri_Bio/Arsenic_project/Genomes/Genomes_from_NCBI
# Date:            Sun Jan  9 23:37:08 2022
# [ok]
