#                                                                            --- full sequence --- -------------- this domain -------------   hmm coord   ali coord   env coord
# target name        accession   tlen query name           accession   qlen   E-value  score  bias   #  of  c-Evalue  i-Evalue  score  bias  from    to  from    to  from    to  acc description of target
#------------------- ---------- ----- -------------------- ---------- ----- --------- ------ ----- --- --- --------- --------- ------ ----- ----- ----- ----- ----- ----- ----- ---- ---------------------
arxA                 -            831 KGLFELGD_00283       -            778   1.7e-45  145.2   8.5   1   4   6.5e-29   2.4e-28   88.5   0.1     7   307     8   293     3   316 0.78 -
arxA                 -            831 KGLFELGD_00283       -            778   1.7e-45  145.2   8.5   2   4   1.1e-08   4.1e-08   21.6   0.1   344   413   364   434   352   445 0.84 -
arxA                 -            831 KGLFELGD_00283       -            778   1.7e-45  145.2   8.5   3   4   9.4e-09   3.4e-08   21.8   0.1   459   569   462   570   438   583 0.84 -
arxA                 -            831 KGLFELGD_00283       -            778   1.7e-45  145.2   8.5   4   4   4.5e-07   1.7e-06   16.2   0.1   713   828   671   774   623   777 0.74 -
arrA                 -            846 KGLFELGD_00283       -            778   5.1e-40  126.9   2.2   1   4   1.5e-29   5.5e-29   90.4   0.0     3   292     9   294     7   340 0.79 -
arrA                 -            846 KGLFELGD_00283       -            778   5.1e-40  126.9   2.2   2   4   2.1e-09   7.7e-09   23.8   0.1   324   398   360   435   341   450 0.87 -
arrA                 -            846 KGLFELGD_00283       -            778   5.1e-40  126.9   2.2   3   4   2.4e-05   8.9e-05   10.3   0.0   452   537   465   547   447   587 0.74 -
arrA                 -            846 KGLFELGD_00283       -            778   5.1e-40  126.9   2.2   4   4      0.11      0.42   -1.8   0.0   747   788   695   736   660   752 0.82 -
aioA                 -            837 KGLFELGD_00283       -            778   1.7e-26   81.7   2.2   1   3   1.1e-14   4.1e-14   40.8   0.2    98   431    89   434    67   442 0.72 -
aioA                 -            837 KGLFELGD_00283       -            778   1.7e-26   81.7   2.2   2   3   2.9e-07   1.1e-06   16.2   0.0   516   584   501   570   487   585 0.84 -
aioA                 -            837 KGLFELGD_00283       -            778   1.7e-26   81.7   2.2   3   3   3.3e-09   1.2e-08   22.7   0.0   665   807   607   760   591   772 0.72 -
arxA                 -            831 KGLFELGD_00710       -            759   8.4e-77  248.8   0.1   1   2     4e-39   1.5e-38  122.2   0.0     7   309     2   282     1   289 0.85 -
arxA                 -            831 KGLFELGD_00710       -            759   8.4e-77  248.8   0.1   2   2   1.7e-39   6.3e-39  123.5   0.0   340   818   290   747   286   758 0.79 -
arrA                 -            846 KGLFELGD_00710       -            759   4.8e-57  183.2   0.0   1   3   5.9e-35   2.2e-34  108.3   0.0     1   294     1   283     1   289 0.84 -
arrA                 -            846 KGLFELGD_00710       -            759   4.8e-57  183.2   0.0   2   3   3.1e-20   1.1e-19   59.6   0.0   324   557   290   520   285   540 0.84 -
arrA                 -            846 KGLFELGD_00710       -            759   4.8e-57  183.2   0.0   3   3   7.6e-06   2.8e-05   12.0   0.0   745   796   667   718   659   755 0.85 -
aioA                 -            837 KGLFELGD_00710       -            759   5.3e-23   70.1   0.0   1   3   9.7e-14   3.5e-13   37.6   0.0    56   240    40   210    11   221 0.83 -
aioA                 -            837 KGLFELGD_00710       -            759   5.3e-23   70.1   0.0   2   3   1.5e-05   5.4e-05   10.6   0.0   302   576   248   513   240   530 0.71 -
aioA                 -            837 KGLFELGD_00710       -            759   5.3e-23   70.1   0.0   3   3   9.4e-08   3.5e-07   17.8   0.0   725   796   653   723   632   735 0.79 -
arxA                 -            831 KGLFELGD_00824       -            810   3.8e-50  160.6   0.4   1   3   2.9e-38   1.1e-37  119.4   0.1     6   402    11   404     6   419 0.80 -
arxA                 -            831 KGLFELGD_00824       -            810   3.8e-50  160.6   0.4   2   3   7.2e-08   2.7e-07   18.9   0.0   501   574   501   575   454   611 0.72 -
arxA                 -            831 KGLFELGD_00824       -            810   3.8e-50  160.6   0.4   3   3   8.4e-08   3.1e-07   18.7   0.0   649   788   635   769   623   807 0.84 -
arrA                 -            846 KGLFELGD_00824       -            810   2.5e-36  114.7   2.9   1   3   1.2e-14   4.3e-14   41.2   0.0     3   136    13   151    11   171 0.84 -
arrA                 -            846 KGLFELGD_00824       -            810   2.5e-36  114.7   2.9   2   3     5e-18   1.8e-17   52.3   0.6   236   579   257   595   221   610 0.65 -
arrA                 -            846 KGLFELGD_00824       -            810   2.5e-36  114.7   2.9   3   3   7.1e-07   2.6e-06   15.4   0.0   748   797   722   769   708   785 0.88 -
aioA                 -            837 KGLFELGD_00824       -            810   1.7e-16   48.7   0.0   1   3   1.5e-11   5.5e-11   30.4   0.0    67   381    71   372    11   421 0.67 -
aioA                 -            837 KGLFELGD_00824       -            810   1.7e-16   48.7   0.0   2   3     0.041      0.15   -0.8   0.0   525   549   506   530   484   589 0.73 -
aioA                 -            837 KGLFELGD_00824       -            810   1.7e-16   48.7   0.0   3   3   1.5e-06   5.6e-06   13.8   0.0   741   782   721   762   688   773 0.86 -
arxA                 -            831 KGLFELGD_00847       -           1027   4.7e-31   97.4   1.2   1   4   0.00089    0.0049    4.7   0.2    44    92    63   113    40   116 0.79 -
arxA                 -            831 KGLFELGD_00847       -           1027   4.7e-31   97.4   1.2   2   4     0.077      0.42   -1.6   0.0    90   119   137   166   129   186 0.81 -
arxA                 -            831 KGLFELGD_00847       -           1027   4.7e-31   97.4   1.2   3   4    0.0028     0.015    3.1   0.0   182   294   247   363   240   373 0.67 -
arxA                 -            831 KGLFELGD_00847       -           1027   4.7e-31   97.4   1.2   4   4   4.3e-27   2.4e-26   81.9   0.0   350   791   481   967   475   977 0.78 -
arrA                 -            846 KGLFELGD_00847       -           1027   2.5e-28   88.3   0.0   1   4   0.00089    0.0049    4.6   0.0    75   109   133   167   121   182 0.85 -
arrA                 -            846 KGLFELGD_00847       -           1027   2.5e-28   88.3   0.0   2   4   8.8e-07   4.8e-06   14.5   0.0   168   279   245   364   234   374 0.78 -
arrA                 -            846 KGLFELGD_00847       -           1027   2.5e-28   88.3   0.0   3   4   4.7e-09   2.6e-08   22.0   0.0   334   524   481   689   477   740 0.70 -
arrA                 -            846 KGLFELGD_00847       -           1027   2.5e-28   88.3   0.0   4   4   9.5e-15   5.2e-14   40.9   0.0   744   820   911   993   878  1026 0.75 -
arsC_glut            -            117 KGLFELGD_00967       -            118   1.7e-43  137.3   0.1   1   1   3.4e-44   1.9e-43  137.2   0.1     2   116     3   117     2   118 0.97 -
arsC                 -            123 KGLFELGD_00967       -            118   2.6e-33  104.4   0.1   1   1   5.3e-34   2.9e-33  104.3   0.1     3   118     4   118     2   118 0.95 -
arsC                 -            123 KGLFELGD_00982       -            123   1.1e-36  115.3   0.0   1   1   2.3e-37   1.3e-36  115.1   0.0     3   117     7   121     5   123 0.95 -
arsC_glut            -            117 KGLFELGD_00982       -            123   1.5e-20   63.3   0.0   1   1   3.2e-21   1.8e-20   63.1   0.0     5   114     9   119     5   121 0.90 -
arsM                 -            269 KGLFELGD_01206       -            255   8.2e-11   31.5   0.0   1   1     1e-11   1.1e-10   31.0   0.0    78   192    40   146     7   159 0.88 -
arxA                 -            831 KGLFELGD_01602       -            814   1.1e-65  212.0   1.9   1   1   2.9e-65   1.1e-64  208.7   1.9     1   790     7   775     7   814 0.72 -
arrA                 -            846 KGLFELGD_01602       -            814   2.9e-50  160.8   1.7   1   3   2.4e-42   8.8e-42  132.8   0.2     3   398    14   421    12   440 0.76 -
arrA                 -            846 KGLFELGD_01602       -            814   2.9e-50  160.8   1.7   2   3   0.00082     0.003    5.3   0.0   453   556   463   575   450   609 0.62 -
arrA                 -            846 KGLFELGD_01602       -            814   2.9e-50  160.8   1.7   3   3   2.9e-08   1.1e-07   20.0   0.0   732   789   710   767   695   775 0.87 -
aioA                 -            837 KGLFELGD_01602       -            814   3.2e-25   77.5   1.4   1   3   4.5e-17   1.7e-16   48.7   0.1    98   428   102   425    85   438 0.80 -
aioA                 -            837 KGLFELGD_01602       -            814   3.2e-25   77.5   1.4   2   3    0.0037     0.014    2.6   0.0   518   634   507   619   488   649 0.69 -
aioA                 -            837 KGLFELGD_01602       -            814   3.2e-25   77.5   1.4   3   3     9e-09   3.3e-08   21.2   0.0   740   780   724   764   707   770 0.89 -
arxA                 -            831 KGLFELGD_01636       -            798   3.4e-57  183.9   1.0   1   1     8e-56   2.9e-55  177.5   1.0     7   788    17   757    14   798 0.75 -
arrA                 -            846 KGLFELGD_01636       -            798   2.7e-40  127.9   0.5   1   3   1.9e-31   6.9e-31   96.7   0.1     2   393    17   408    16   423 0.79 -
arrA                 -            846 KGLFELGD_01636       -            798   2.7e-40  127.9   0.5   2   3   0.00032    0.0012    6.6   0.0   469   555   477   561   448   588 0.80 -
arrA                 -            846 KGLFELGD_01636       -            798   2.7e-40  127.9   0.5   3   3   1.3e-08   4.7e-08   21.2   0.0   705   789   676   751   655   759 0.75 -
aioA                 -            837 KGLFELGD_01636       -            798     7e-20   59.8   0.3   1   2   4.4e-12   1.6e-11   32.2   0.1    66   595    68   578    47   600 0.72 -
aioA                 -            837 KGLFELGD_01636       -            798     7e-20   59.8   0.3   2   2   3.9e-09   1.4e-08   22.4   0.0   740   779   708   747   638   755 0.78 -
arsA                 -            346 KGLFELGD_01673       -            270   3.9e-12   35.5   3.2   1   2   4.7e-13   5.2e-12   35.1   2.4    17    52     5    40     1    41 0.90 -
arsA                 -            346 KGLFELGD_01673       -            270   3.9e-12   35.5   3.2   2   2      0.13       1.5   -2.6   0.0   134   153   105   122    99   151 0.65 -
arxA                 -            831 KGLFELGD_02035       -            722     1e-31   99.7   5.9   1   3   4.8e-27   1.8e-26   82.3   1.0    57   313     4   255     1   258 0.85 -
arxA                 -            831 KGLFELGD_02035       -            722     1e-31   99.7   5.9   2   3    0.0012    0.0042    5.0   0.3   336   403   255   322   248   455 0.65 -
arxA                 -            831 KGLFELGD_02035       -            722     1e-31   99.7   5.9   3   3   2.6e-06   9.7e-06   13.7   0.0   734   784   606   656   549   671 0.81 -
aioA                 -            837 KGLFELGD_02035       -            722   1.2e-25   78.9   1.4   1   3   6.6e-14   2.4e-13   38.2   1.5    62   434     6   335     2   340 0.79 -
aioA                 -            837 KGLFELGD_02035       -            722   1.2e-25   78.9   1.4   2   3   4.2e-05   0.00015    9.1   0.0   520   585   426   491   418   502 0.78 -
aioA                 -            837 KGLFELGD_02035       -            722   1.2e-25   78.9   1.4   3   3   1.6e-09   5.8e-09   23.7   0.0   667   813   539   683   518   704 0.78 -
arrA                 -            846 KGLFELGD_02035       -            722   5.5e-18   54.0   2.6   1   3   5.4e-18     2e-17   52.2   0.3    46   298     4   256     2   258 0.82 -
arrA                 -            846 KGLFELGD_02035       -            722   5.5e-18   54.0   2.6   2   3     0.019     0.071    0.7   0.1   321   361   256   296   252   331 0.84 -
arrA                 -            846 KGLFELGD_02035       -            722   5.5e-18   54.0   2.6   3   3     0.069      0.25   -1.1   0.0   746   785   609   648   600   658 0.87 -
arxA                 -            831 KGLFELGD_02050       -            805   1.8e-59  191.4   0.6   1   1   2.2e-58   8.2e-58  185.9   0.6     7   828    16   802    11   805 0.75 -
arrA                 -            846 KGLFELGD_02050       -            805   9.4e-40  126.1   0.1   1   2   3.9e-34   1.4e-33  105.6   0.1     3   552    17   562    15   631 0.74 -
arrA                 -            846 KGLFELGD_02050       -            805   9.4e-40  126.1   0.1   2   2   2.2e-07   7.9e-07   17.1   0.0   703   791   681   760   655   801 0.79 -
aioA                 -            837 KGLFELGD_02050       -            805   2.9e-19   57.8   0.0   1   2   1.4e-13   5.1e-13   37.1   0.0    63   595    66   582    39   592 0.75 -
aioA                 -            837 KGLFELGD_02050       -            805   2.9e-19   57.8   0.0   2   2   1.9e-07   6.8e-07   16.9   0.0   741   782   716   757   666   768 0.85 -
arsM                 -            269 KGLFELGD_02073       -            259   2.1e-17   53.0   0.0   1   1   2.8e-18   3.1e-17   52.5   0.0    78   186    46   152    18   158 0.86 -
arsM                 -            269 KGLFELGD_02429       -            282   7.6e-11   31.6   0.0   1   2     5e-11   5.5e-10   28.7   0.0    76   141   101   166    94   186 0.76 -
arsM                 -            269 KGLFELGD_02429       -            282   7.6e-11   31.6   0.0   2   2     0.021      0.23    0.5   0.0   225   247   210   240   194   253 0.68 -
arxA                 -            831 KGLFELGD_02595       -            195   1.2e-15   46.5   0.0   1   1   2.5e-16   1.4e-15   46.3   0.0     6   154     1   144     1   159 0.80 -
aioA                 -            837 KGLFELGD_02595       -            195   6.9e-11   30.1   0.1   1   1   4.2e-11   2.3e-10   28.3   0.1    58   156    44   144    39   150 0.77 -
arxA                 -            831 KGLFELGD_02596       -            803     6e-14   40.8   1.4   1   3   1.8e-08   1.9e-07   19.3   0.1   216   325     7   112     3   145 0.85 -
arxA                 -            831 KGLFELGD_02596       -            803     6e-14   40.8   1.4   2   3    0.0018      0.02    2.7   0.0   339   410   155   230   129   244 0.80 -
arxA                 -            831 KGLFELGD_02596       -            803     6e-14   40.8   1.4   3   3   1.6e-07   1.7e-06   16.2   0.0   734   784   705   763   696   802 0.76 -
arsB                 -            430 KGLFELGD_03009       -            429  6.4e-227  743.0  45.8   1   1  6.6e-228  7.2e-227  742.8  45.8     3   429     1   427     1   428 1.00 -
arsM                 -            269 KGLFELGD_03469       -            251   2.5e-19   59.4   0.1   1   2   3.3e-19   3.6e-18   55.6   0.1    84   187    64   168    58   176 0.89 -
arsM                 -            269 KGLFELGD_03469       -            251   2.5e-19   59.4   0.1   2   2     0.011      0.12    1.4   0.0   216   233   217   234   188   241 0.87 -
aioA                 -            837 KGLFELGD_03504       -            558   1.6e-19   58.6   0.6   1   2   5.6e-12   2.1e-11   31.8   0.2   292   586    52   334    17   345 0.76 -
aioA                 -            837 KGLFELGD_03504       -            558   1.6e-19   58.6   0.6   2   2   5.9e-10   2.2e-09   25.1   0.0   666   826   380   541   369   551 0.75 -
arxA                 -            831 KGLFELGD_03504       -            558   8.1e-19   56.9   0.2   1   3   3.1e-08   1.1e-07   20.1   0.0   247   308    33    94     7   101 0.88 -
arxA                 -            831 KGLFELGD_03504       -            558   8.1e-19   56.9   0.2   2   3   2.1e-09   7.8e-09   23.9   0.1   343   581   106   342   100   354 0.82 -
arxA                 -            831 KGLFELGD_03504       -            558   8.1e-19   56.9   0.2   3   3   5.3e-05    0.0002    9.4   0.0   735   784   449   498   403   512 0.88 -
arrA                 -            846 KGLFELGD_03504       -            558   1.8e-13   39.1   0.9   1   4   3.3e-08   1.2e-07   19.8   0.0   225   292    29    94     6   101 0.79 -
arrA                 -            846 KGLFELGD_03504       -            558   1.8e-13   39.1   0.9   2   4   0.00028     0.001    6.8   0.0   322   387   101   165    90   183 0.77 -
arrA                 -            846 KGLFELGD_03504       -            558   1.8e-13   39.1   0.9   3   4     0.058      0.21   -0.8   0.0   477   557   253   329   234   352 0.78 -
arrA                 -            846 KGLFELGD_03504       -            558   1.8e-13   39.1   0.9   4   4     8e-05   0.00029    8.6   0.0   746   788   451   493   440   507 0.86 -
arxA                 -            831 KGLFELGD_03505       -            139   1.1e-12   36.6   0.2   1   1   1.2e-13   1.4e-12   36.3   0.2    59   186     6   132     2   137 0.81 -
arxA                 -            831 KGLFELGD_03511       -           1253   7.5e-20   60.4   0.9   1   5   3.4e-05   0.00019    9.4   0.0    61   119    51   116    26   125 0.78 -
arxA                 -            831 KGLFELGD_03511       -           1253   7.5e-20   60.4   0.9   2   5   4.5e-08   2.5e-07   19.0   0.0   213   295   240   317   231   331 0.85 -
arxA                 -            831 KGLFELGD_03511       -           1253   7.5e-20   60.4   0.9   3   5   6.8e-08   3.7e-07   18.4   0.0   338   370   500   532   495   575 0.85 -
arxA                 -            831 KGLFELGD_03511       -           1253   7.5e-20   60.4   0.9   4   5   0.00022    0.0012    6.7   0.0   508   570   777   836   759   867 0.84 -
arxA                 -            831 KGLFELGD_03511       -           1253   7.5e-20   60.4   0.9   5   5     0.028      0.15   -0.2   0.0   736   780  1119  1163  1102  1199 0.78 -
arrA                 -            846 KGLFELGD_03511       -           1253     2e-15   45.6   2.8   1   5    0.0034     0.019    2.7   0.3    51   109    52   117    30   136 0.76 -
arrA                 -            846 KGLFELGD_03511       -           1253     2e-15   45.6   2.8   2   5   3.2e-07   1.8e-06   16.0   0.0   203   279   243   317   231   331 0.81 -
arrA                 -            846 KGLFELGD_03511       -           1253     2e-15   45.6   2.8   3   5   8.4e-08   4.6e-07   17.9   0.0   323   357   501   535   497   573 0.89 -
arrA                 -            846 KGLFELGD_03511       -           1253     2e-15   45.6   2.8   4   5     0.004     0.022    2.4   0.0   487   516   765   794   749   832 0.79 -
arrA                 -            846 KGLFELGD_03511       -           1253     2e-15   45.6   2.8   5   5    0.0094     0.052    1.2   0.0   746   781  1120  1155  1117  1169 0.83 -
#
# Program:         hmmscan
# Version:         3.3.2 (Nov 2020)
# Pipeline mode:   SCAN
# Query file:      Proteus_mirabilis_28629/prokka/Proteus_mirabilis_28629.faa
# Target file:     /Volumes/Gabri_Bio/Arsenic_project/ars/genes.hmm
# Option settings: hmmscan -o hmmscanned_prokka/Proteus_mirabilis_28629_anvio.stdout.txt --domtblout hmmscanned_prokka/Proteus_mirabilis_28629_anvio.tbl.txt -E 0.0000000001 --cpu 4 /Volumes/Gabri_Bio/Arsenic_project/ars/genes.hmm Proteus_mirabilis_28629/prokka/Proteus_mirabilis_28629.faa 
# Current dir:     /Volumes/Gabri_Bio/Arsenic_project/Genomes/Assembled
# Date:            Sun Jan  9 16:16:51 2022
# [ok]
