#                                                                            --- full sequence --- -------------- this domain -------------   hmm coord   ali coord   env coord
# target name        accession   tlen query name           accession   qlen   E-value  score  bias   #  of  c-Evalue  i-Evalue  score  bias  from    to  from    to  from    to  acc description of target
#------------------- ---------- ----- -------------------- ---------- ----- --------- ------ ----- --- --- --------- --------- ------ ----- ----- ----- ----- ----- ----- ----- ---- ---------------------
arsC                 -            123 LBJBBNOB_00253       -            113   2.5e-21   65.7   0.1   1   1   5.4e-22     3e-21   65.5   0.1     2   114     1   110     1   112 0.95 -
arsC_glut            -            117 LBJBBNOB_00253       -            113   2.5e-11   33.6   0.0   1   1   5.5e-12     3e-11   33.3   0.0     3   111     2   108     1   111 0.93 -
arsM                 -            269 LBJBBNOB_01409       -            244   1.4e-13   40.5   0.0   1   1   1.6e-14   1.8e-13   40.2   0.0    70   188    26   142     1   148 0.81 -
arsC                 -            123 LBJBBNOB_01498       -            118   3.8e-30   94.2   0.0   1   1   7.5e-31   4.1e-30   94.1   0.0     2   115     1   115     1   118 0.97 -
arsC_glut            -            117 LBJBBNOB_01498       -            118   1.8e-18   56.6   0.0   1   1   3.9e-19   2.2e-18   56.4   0.0     3   110     2   111     1   117 0.93 -
arsA                 -            346 LBJBBNOB_01864       -            263   1.6e-15   46.7   2.2   1   3   4.9e-13   5.4e-12   35.0   0.5    17    52     5    40     2    65 0.94 -
arsA                 -            346 LBJBBNOB_01864       -            263   1.6e-15   46.7   2.2   2   3     0.014      0.16    0.6   0.0   132   152   100   120    94   124 0.87 -
arsA                 -            346 LBJBBNOB_01864       -            263   1.6e-15   46.7   2.2   3   3   4.6e-05    0.0005    8.8   0.0   234   269   139   174   135   186 0.92 -
arxA                 -            831 LBJBBNOB_02332       -            713   6.7e-26   80.4   0.2   1   2   1.3e-24   4.8e-24   74.3   0.1    57   315     4   251     1   265 0.90 -
arxA                 -            831 LBJBBNOB_02332       -            713   6.7e-26   80.4   0.2   2   2    0.0022    0.0081    4.0   0.0   732   763   608   639   584   661 0.83 -
aioA                 -            837 LBJBBNOB_02332       -            713   1.8e-24   75.0   0.3   1   2   1.9e-14   6.8e-14   40.0   0.1    61   435     5   330     2   462 0.81 -
aioA                 -            837 LBJBBNOB_02332       -            713   1.8e-24   75.0   0.3   2   2   1.2e-10   4.5e-10   27.4   0.0   651   766   528   639   518   664 0.84 -
arrA                 -            846 LBJBBNOB_02332       -            713   7.7e-21   63.5   0.1   1   2   3.3e-20   1.2e-19   59.5   0.1    45   304     3   257     1   330 0.86 -
arrA                 -            846 LBJBBNOB_02332       -            713   7.7e-21   63.5   0.1   2   2     0.011     0.039    1.6   0.0   720   772   583   639   560   647 0.74 -
arxA                 -            831 LBJBBNOB_02545       -            670   2.2e-41  131.6   2.7   1   3   2.2e-28     8e-28   86.7   0.1    56   314     5   254     2   257 0.88 -
arxA                 -            831 LBJBBNOB_02545       -            670   2.2e-41  131.6   2.7   2   3   5.7e-12   2.1e-11   32.4   0.7   339   595   256   496   250   504 0.76 -
arxA                 -            831 LBJBBNOB_02545       -            670   2.2e-41  131.6   2.7   3   3   0.00047    0.0017    6.2   0.0   731   778   578   625   563   632 0.84 -
aioA                 -            837 LBJBBNOB_02545       -            670     1e-19   59.3   0.0   1   3   2.8e-13     1e-12   36.1   0.0    62   305     8   235     2   249 0.82 -
aioA                 -            837 LBJBBNOB_02545       -            670     1e-19   59.3   0.0   2   3    0.0002   0.00072    6.9   0.0   518   586   402   471   394   489 0.76 -
aioA                 -            837 LBJBBNOB_02545       -            670     1e-19   59.3   0.0   3   3   8.1e-06     3e-05   11.4   0.0   727   777   572   621   558   628 0.83 -
arrA                 -            846 LBJBBNOB_02545       -            670   2.3e-18   55.3   0.3   1   3   5.2e-13   1.9e-12   35.7   0.0    53   298    14   254     5   258 0.81 -
arrA                 -            846 LBJBBNOB_02545       -            670   2.3e-18   55.3   0.3   2   3   2.3e-07   8.3e-07   17.1   0.2   323   396   256   329   251   340 0.79 -
arrA                 -            846 LBJBBNOB_02545       -            670   2.3e-18   55.3   0.3   3   3     0.089      0.33   -1.4   0.0   493   517   405   429   385   439 0.74 -
arsA                 -            346 LBJBBNOB_03443       -            273   1.5e-11   33.6   0.4   1   2   4.8e-12   5.3e-11   31.8   0.2    23    58    12    47     2    56 0.89 -
arsA                 -            346 LBJBBNOB_03443       -            273   1.5e-11   33.6   0.4   2   2     0.037      0.41   -0.8   0.0   136   154   116   134    82   205 0.77 -
arsA                 -            346 LBJBBNOB_03753       -            256   8.3e-11   31.1   0.0   1   2     6e-11   6.6e-10   28.1   0.1    16    66     4    54     1    77 0.86 -
arsA                 -            346 LBJBBNOB_03753       -            256   8.3e-11   31.1   0.0   2   2     0.017      0.18    0.4   0.0   136   154   105   123    84   128 0.84 -
arsA                 -            346 LBJBBNOB_03796       -            259   2.5e-11   32.9   0.4   1   2   1.7e-11   1.9e-10   30.0   0.1    18    54     4    40     1    59 0.86 -
arsA                 -            346 LBJBBNOB_03796       -            259   2.5e-11   32.9   0.4   2   2     0.011      0.12    1.0   0.0   232   258   144   170   133   209 0.86 -
arxA                 -            831 LBJBBNOB_04074       -            905     6e-38  120.2   0.2   1   3   1.9e-19   7.1e-19   57.1   0.2    39   309   215   474   197   480 0.82 -
arxA                 -            831 LBJBBNOB_04074       -            905     6e-38  120.2   0.2   2   3   6.6e-15   2.4e-14   42.1   0.0   339   567   481   712   475   728 0.82 -
arxA                 -            831 LBJBBNOB_04074       -            905     6e-38  120.2   0.2   3   3   2.6e-07   9.7e-07   17.0   0.0   734   781   822   869   798   889 0.82 -
aioA                 -            837 LBJBBNOB_04074       -            905     2e-37  117.8   0.1   1   4     7e-13   2.6e-12   34.8   0.0    83   240   253   403   204   406 0.80 -
aioA                 -            837 LBJBBNOB_04074       -            905     2e-37  117.8   0.1   2   4   2.2e-08   8.1e-08   19.9   0.0   294   435   432   559   410   576 0.81 -
aioA                 -            837 LBJBBNOB_04074       -            905     2e-37  117.8   0.1   3   4   1.4e-09     5e-09   23.9   0.0   515   586   640   712   630   724 0.90 -
aioA                 -            837 LBJBBNOB_04074       -            905     2e-37  117.8   0.1   4   4   1.4e-12     5e-12   33.8   0.0   706   811   791   897   773   904 0.86 -
arrA                 -            846 LBJBBNOB_04074       -            905     4e-24   74.3   0.0   1   3   4.1e-15   1.5e-14   42.7   0.0    42   293   228   474   197   558 0.82 -
arrA                 -            846 LBJBBNOB_04074       -            905     4e-24   74.3   0.0   2   3   0.00053     0.002    5.9   0.0   476   520   630   673   610   692 0.83 -
arrA                 -            846 LBJBBNOB_04074       -            905     4e-24   74.3   0.0   3   3   5.7e-07   2.1e-06   15.7   0.0   739   802   818   878   768   890 0.79 -
arsM                 -            269 LBJBBNOB_04798       -            260   1.9e-11   33.5   0.9   1   2   1.7e-09   1.9e-08   23.7   0.1    78   159    55   138    52   143 0.83 -
arsM                 -            269 LBJBBNOB_04798       -            260   1.9e-11   33.5   0.9   2   2   0.00012    0.0013    7.9   0.1   169   186   167   184   162   188 0.87 -
#
# Program:         hmmscan
# Version:         3.3.2 (Nov 2020)
# Pipeline mode:   SCAN
# Query file:      Clostridium_bolteae_29485/prokka/Clostridium_bolteae_29485.faa
# Target file:     /Volumes/Gabri_Bio/Arsenic_project/ars/genes.hmm
# Option settings: hmmscan -o hmmscanned_prokka/Clostridium_bolteae_29485_anvio.stdout.txt --domtblout hmmscanned_prokka/Clostridium_bolteae_29485_anvio.tbl.txt -E 0.0000000001 --cpu 4 /Volumes/Gabri_Bio/Arsenic_project/ars/genes.hmm Clostridium_bolteae_29485/prokka/Clostridium_bolteae_29485.faa 
# Current dir:     /Volumes/Gabri_Bio/Arsenic_project/Genomes/Assembled
# Date:            Sun Jan  9 14:07:52 2022
# [ok]
