#                                                                            --- full sequence --- -------------- this domain -------------   hmm coord   ali coord   env coord
# target name        accession   tlen query name           accession   qlen   E-value  score  bias   #  of  c-Evalue  i-Evalue  score  bias  from    to  from    to  from    to  acc description of target
#------------------- ---------- ----- -------------------- ---------- ----- --------- ------ ----- --- --- --------- --------- ------ ----- ----- ----- ----- ----- ----- ----- ---- ---------------------
arxA                 -            831 ODMJLNOE_00041       -            184   1.2e-12   36.5   0.0   1   2     9e-10   9.9e-09   23.6   0.0   270   313     5    48     2    59 0.92 -
arxA                 -            831 ODMJLNOE_00041       -            184   1.2e-12   36.5   0.0   2   2   4.6e-06   5.1e-05   11.3   0.0   350   413    62   125    48   136 0.87 -
arsA                 -            346 ODMJLNOE_00701       -            266   1.5e-12   36.9   0.6   1   2   1.8e-11     2e-10   29.8   0.4    23    58    11    46     2    63 0.91 -
arsA                 -            346 ODMJLNOE_00701       -            266   1.5e-12   36.9   0.6   2   2   0.00057    0.0063    5.2   0.0   141   155   113   126    88   175 0.86 -
arsC                 -            123 ODMJLNOE_01858       -            118     3e-29   91.3   0.0   1   1   5.8e-30   3.2e-29   91.2   0.0     4   115     3   115     1   118 0.96 -
arsC_glut            -            117 ODMJLNOE_01858       -            118     3e-18   55.9   0.0   1   1   5.8e-19   3.2e-18   55.8   0.0     3   111     2   112     1   118 0.92 -
ACR3                 -            363 ODMJLNOE_01954       -            424  1.1e-132  432.0  31.6   1   1  2.5e-133  1.3e-132  431.7  31.6    12   351    84   424    73   424 0.98 -
arsC_thio            -            133 ODMJLNOE_01954       -            424   9.2e-12   34.8   0.0   1   1   2.6e-12   1.4e-11   34.2   0.0    11    65     5    62     1    70 0.84 -
arsA                 -            346 ODMJLNOE_01955       -            578  1.5e-122  398.6   6.5   1   4   1.2e-65   1.3e-64  208.1   0.0    11   193     8   188     2   200 0.95 -
arsA                 -            346 ODMJLNOE_01955       -            578  1.5e-122  398.6   6.5   2   4   1.9e-17   2.1e-16   49.5   0.0   218   327   190   294   180   309 0.88 -
arsA                 -            346 ODMJLNOE_01955       -            578  1.5e-122  398.6   6.5   3   4   1.7e-33   1.8e-32  102.3   1.7    13   175   323   469   314   486 0.90 -
arsA                 -            346 ODMJLNOE_01955       -            578  1.5e-122  398.6   6.5   4   4   2.5e-14   2.8e-13   39.3   0.0   229   318   487   572   472   578 0.85 -
arsD                 -            123 ODMJLNOE_01956       -            169   3.3e-38  120.4  26.3   1   1   4.6e-38     5e-37  116.6  26.3     1   123     1   117     1   169 0.88 -
arxA                 -            831 ODMJLNOE_02280       -            747   2.7e-51  164.4   0.6   1   3   8.3e-35     3e-34  108.0   0.0    52   312    19   287     3   294 0.79 -
arxA                 -            831 ODMJLNOE_02280       -            747   2.7e-51  164.4   0.6   2   3   6.5e-15   2.4e-14   42.2   0.1   341   593   293   538   288   562 0.77 -
arxA                 -            831 ODMJLNOE_02280       -            747   2.7e-51  164.4   0.6   3   3   1.9e-05   6.9e-05   10.9   0.0   736   788   646   696   632   705 0.87 -
arrA                 -            846 ODMJLNOE_02280       -            747   6.1e-43  136.6   0.2   1   3   2.5e-30   9.3e-30   93.0   0.0    50   297    31   288    21   293 0.78 -
arrA                 -            846 ODMJLNOE_02280       -            747   6.1e-43  136.6   0.2   2   3   1.5e-13   5.5e-13   37.5   0.3   324   515   292   476   280   499 0.80 -
arrA                 -            846 ODMJLNOE_02280       -            747   6.1e-43  136.6   0.2   3   3    0.0059     0.021    2.5   0.0   741   779   642   680   624   691 0.87 -
aioA                 -            837 ODMJLNOE_02280       -            747   4.8e-27   83.5   0.1   1   3   1.8e-16   6.7e-16   46.7   0.1    70   380    37   320     5   332 0.79 -
aioA                 -            837 ODMJLNOE_02280       -            747   4.8e-27   83.5   0.1   2   3   2.9e-06   1.1e-05   12.9   0.0   513   548   444   481   418   485 0.83 -
aioA                 -            837 ODMJLNOE_02280       -            747   4.8e-27   83.5   0.1   3   3   1.2e-06   4.6e-06   14.1   0.0   701   777   609   684   592   690 0.83 -
arsA                 -            346 ODMJLNOE_02604       -            273   8.5e-12   34.4   0.0   1   2   4.8e-11   5.2e-10   28.5   0.1    15    53     1    39     1    47 0.93 -
arsA                 -            346 ODMJLNOE_02604       -            273   8.5e-12   34.4   0.0   2   2    0.0011     0.012    4.3   0.0   229   259   141   171    58   209 0.83 -
arsM                 -            269 ODMJLNOE_03670       -            242   1.8e-11   33.6   0.5   1   2   3.3e-09   3.6e-08   22.8   0.1    78   159    37   120    26   125 0.82 -
arsM                 -            269 ODMJLNOE_03670       -            242   1.8e-11   33.6   0.5   2   2   6.3e-05   0.00069    8.7   0.0   169   187   149   167   144   171 0.88 -
arsC_thio            -            133 ODMJLNOE_03770       -            135   5.4e-24   74.4   0.0   1   1   5.7e-25   6.3e-24   74.2   0.0     1   131     1   129     1   131 0.84 -
arxA                 -            831 ODMJLNOE_05874       -            670   4.9e-43  137.1   3.5   1   3   1.4e-27     5e-27   84.1   0.1    56   314     5   254     2   257 0.88 -
arxA                 -            831 ODMJLNOE_05874       -            670   4.9e-43  137.1   3.5   2   3   6.8e-14   2.5e-13   38.8   0.4   339   595   256   496   253   504 0.76 -
arxA                 -            831 ODMJLNOE_05874       -            670   4.9e-43  137.1   3.5   3   3   2.8e-05    0.0001   10.3   0.0   731   780   578   627   563   634 0.89 -
arrA                 -            846 ODMJLNOE_05874       -            670     5e-19   57.5   0.9   1   4   4.6e-13   1.7e-12   35.9   0.0    53   298    14   254     5   258 0.82 -
arrA                 -            846 ODMJLNOE_05874       -            670     5e-19   57.5   0.9   2   4     1e-08   3.7e-08   21.5   0.1   306   396   240   329   235   340 0.81 -
arrA                 -            846 ODMJLNOE_05874       -            670     5e-19   57.5   0.9   3   4      0.11      0.42   -1.8   0.0   493   517   405   429   389   439 0.73 -
arrA                 -            846 ODMJLNOE_05874       -            670     5e-19   57.5   0.9   4   4      0.16      0.58   -2.3   0.0   747   789   585   627   582   632 0.87 -
aioA                 -            837 ODMJLNOE_05874       -            670   6.6e-19   56.6   0.0   1   3   1.1e-13   4.2e-13   37.4   0.0    62   315     8   245     2   253 0.83 -
aioA                 -            837 ODMJLNOE_05874       -            670   6.6e-19   56.6   0.0   2   3   0.00014   0.00051    7.3   0.0   518   574   402   459   394   488 0.75 -
aioA                 -            837 ODMJLNOE_05874       -            670   6.6e-19   56.6   0.0   3   3    0.0002   0.00075    6.8   0.0   725   780   571   624   518   628 0.86 -
arsA                 -            346 ODMJLNOE_06842       -            263   1.5e-15   46.7   2.2   1   3   4.9e-13   5.4e-12   35.0   0.5    17    52     5    40     2    65 0.94 -
arsA                 -            346 ODMJLNOE_06842       -            263   1.5e-15   46.7   2.2   2   3     0.014      0.16    0.6   0.0   132   152   100   120    94   124 0.87 -
arsA                 -            346 ODMJLNOE_06842       -            263   1.5e-15   46.7   2.2   3   3   4.6e-05    0.0005    8.8   0.0   234   269   139   174   135   186 0.92 -
#
# Program:         hmmscan
# Version:         3.3.2 (Nov 2020)
# Pipeline mode:   SCAN
# Query file:      Clostridium_clostridioforme_26114/prokka/Clostridium_clostridioforme_26114.faa
# Target file:     /Volumes/Gabri_Bio/Arsenic_project/ars/genes.hmm
# Option settings: hmmscan -o hmmscanned_prokka/Clostridium_clostridioforme_26114_anvio.stdout.txt --domtblout hmmscanned_prokka/Clostridium_clostridioforme_26114_anvio.tbl.txt -E 0.0000000001 --cpu 4 /Volumes/Gabri_Bio/Arsenic_project/ars/genes.hmm Clostridium_clostridioforme_26114/prokka/Clostridium_clostridioforme_26114.faa 
# Current dir:     /Volumes/Gabri_Bio/Arsenic_project/Genomes/Genomes_from_NCBI
# Date:            Sun Jan  9 23:00:05 2022
# [ok]
