#                                                                            --- full sequence --- -------------- this domain -------------   hmm coord   ali coord   env coord
# target name        accession   tlen query name           accession   qlen   E-value  score  bias   #  of  c-Evalue  i-Evalue  score  bias  from    to  from    to  from    to  acc description of target
#------------------- ---------- ----- -------------------- ---------- ----- --------- ------ ----- --- --- --------- --------- ------ ----- ----- ----- ----- ----- ----- ----- ---- ---------------------
arsC_thio            -            133 MBFJPLEI_00123       -            134   1.8e-24   75.9   0.4   1   1   1.9e-25   2.1e-24   75.7   0.4     3   131     2   128     1   130 0.87 -
arsM                 -            269 MBFJPLEI_00180       -            184   1.4e-11   34.0   0.0   1   1   1.5e-12   1.7e-11   33.7   0.0    80   189    33   141    26   173 0.91 -
aioA                 -            837 MBFJPLEI_00443       -            694   1.7e-31   98.2   0.5   1   2   2.5e-09   9.1e-09   23.1   0.0    61   180     5   120     1   177 0.65 -
aioA                 -            837 MBFJPLEI_00443       -            694   1.7e-31   98.2   0.5   2   2   7.4e-23   2.7e-22   67.8   0.9   272   789   190   664   181   668 0.78 -
arxA                 -            831 MBFJPLEI_00443       -            694   2.2e-27   85.3   0.1   1   3   2.7e-21     1e-20   63.3   0.0    55   313     2   250     1   267 0.83 -
arxA                 -            831 MBFJPLEI_00443       -            694   2.2e-27   85.3   0.1   2   3     0.002    0.0074    4.2   0.0   478   601   396   515   387   558 0.76 -
arxA                 -            831 MBFJPLEI_00443       -            694   2.2e-27   85.3   0.1   3   3   1.9e-06   7.1e-06   14.1   0.0   733   785   610   663   586   666 0.88 -
arrA                 -            846 MBFJPLEI_00443       -            694   1.9e-18   55.6   0.1   1   2   1.3e-15   4.7e-15   44.3   0.0    46   310     4   264     1   278 0.79 -
arrA                 -            846 MBFJPLEI_00443       -            694   1.9e-18   55.6   0.1   2   2   6.2e-05   0.00023    9.0   0.0   720   772   584   640   556   652 0.79 -
aioA                 -            837 MBFJPLEI_00454       -            694   8.6e-30   92.6   6.6   1   4   3.5e-11   1.3e-10   29.2   0.1    61   238     5   172     2   183 0.80 -
aioA                 -            837 MBFJPLEI_00454       -            694   8.6e-30   92.6   6.6   2   4     2e-11   7.4e-11   30.0   0.2   290   435   198   328   175   343 0.84 -
aioA                 -            837 MBFJPLEI_00454       -            694   8.6e-30   92.6   6.6   3   4      0.13      0.47   -2.4   0.0   522   578   419   476   408   485 0.70 -
aioA                 -            837 MBFJPLEI_00454       -            694   8.6e-30   92.6   6.6   4   4   5.5e-13     2e-12   35.1   0.3   639   789   516   665   497   669 0.81 -
arxA                 -            831 MBFJPLEI_00454       -            694   1.4e-29   92.6   0.2   1   3   1.2e-26   4.6e-26   80.9   0.1    57   315     4   249     1   266 0.87 -
arxA                 -            831 MBFJPLEI_00454       -            694   1.4e-29   92.6   0.2   2   3       0.2      0.75   -2.5   0.0   479   526   394   443   385   517 0.69 -
arxA                 -            831 MBFJPLEI_00454       -            694   1.4e-29   92.6   0.2   3   3   7.5e-05   0.00028    8.9   0.0   733   784   611   663   589   667 0.87 -
arrA                 -            846 MBFJPLEI_00454       -            694   1.8e-19   58.9   1.0   1   2   1.1e-17   4.2e-17   51.1   0.3    45   300     3   250     1   276 0.76 -
arrA                 -            846 MBFJPLEI_00454       -            694   1.8e-19   58.9   1.0   2   2   0.00041    0.0015    6.3   0.0   698   772   564   641   553   651 0.78 -
arsM                 -            269 MBFJPLEI_00791       -            244   1.7e-14   43.5   0.0   1   2   2.5e-15   2.8e-14   42.8   0.0    71   185    27   139     1   145 0.76 -
arsM                 -            269 MBFJPLEI_00791       -            244   1.7e-14   43.5   0.0   2   2      0.42       4.6   -3.8   0.0   218   238   195   215   191   228 0.69 -
arsA                 -            346 MBFJPLEI_00905       -            287   5.4e-13   38.3   0.1   1   2   5.6e-08   6.2e-07   18.4   0.1     8    52    17    62    10    64 0.85 -
arsA                 -            346 MBFJPLEI_00905       -            287   5.4e-13   38.3   0.1   2   2   9.1e-08     1e-06   17.7   0.0   232   281   158   208   154   229 0.84 -
arxA                 -            831 MBFJPLEI_01372       -            671   4.1e-29   91.0  11.9   1   3     6e-26   3.3e-25   78.1   0.3    63   313    11   247     2   258 0.81 -
arxA                 -            831 MBFJPLEI_01372       -            671   4.1e-29   91.0  11.9   2   3   2.7e-07   1.5e-06   16.4   5.1   353   684   264   607   255   620 0.69 -
arxA                 -            831 MBFJPLEI_01372       -            671   4.1e-29   91.0  11.9   3   3     0.031      0.17   -0.3   0.0   724   826   577   667   568   669 0.72 -
arrA                 -            846 MBFJPLEI_01372       -            671   5.4e-18   54.1   0.2   1   3   9.9e-19   5.4e-18   54.1   0.2    52   298    11   248     2   259 0.81 -
arrA                 -            846 MBFJPLEI_01372       -            671   5.4e-18   54.1   0.2   2   3     0.019       0.1    0.2   4.6   443   658   318   551   312   565 0.62 -
arrA                 -            846 MBFJPLEI_01372       -            671   5.4e-18   54.1   0.2   3   3     0.091       0.5   -2.1   0.0   741   779   585   623   580   652 0.79 -
arsA                 -            346 MBFJPLEI_01918       -            305   5.3e-11   31.7   0.2   1   1   1.4e-11   1.6e-10   30.2   0.2    21    65     8    53     1   162 0.73 -
arsM                 -            269 MBFJPLEI_01926       -            208   8.2e-21   64.3   0.1   1   1   1.2e-21   1.3e-20   63.6   0.1    85   242    39   187    31   206 0.86 -
arsA                 -            346 MBFJPLEI_02129       -            264   2.7e-16   49.2   2.8   1   3   1.1e-11   1.2e-10   30.6   0.6    16    52     4    40     2    66 0.92 -
arsA                 -            346 MBFJPLEI_02129       -            264   2.7e-16   49.2   2.8   2   3     0.051      0.56   -1.2   0.0   133   152   101   120    94   124 0.84 -
arsA                 -            346 MBFJPLEI_02129       -            264   2.7e-16   49.2   2.8   3   3   9.3e-08     1e-06   17.7   0.0   234   273   139   178   131   187 0.89 -
arsC                 -            123 MBFJPLEI_03024       -            118   1.6e-31   98.7   0.1   1   1     3e-32   1.6e-31   98.6   0.1     8   115     7   115     1   118 0.95 -
arsC_glut            -            117 MBFJPLEI_03024       -            118   1.1e-19   60.6   0.0   1   1   2.1e-20   1.1e-19   60.5   0.0     8   116     7   117     1   118 0.92 -
arsM                 -            269 MBFJPLEI_03162       -            313   5.7e-12   35.3   5.0   1   2   1.1e-12   1.2e-11   34.2   3.5    82   175   176   269   139   282 0.82 -
arsM                 -            269 MBFJPLEI_03162       -            313   5.7e-12   35.3   5.0   2   2     0.023      0.26    0.3   0.0   217   237   282   302   273   311 0.81 -
arsM                 -            269 MBFJPLEI_03372       -            281   4.2e-14   42.3   0.0   1   1   5.1e-15   5.6e-14   41.8   0.0    80   259    38   225     4   229 0.85 -
arsA                 -            346 MBFJPLEI_03700       -            250   7.9e-13   37.8   0.7   1   2   2.7e-13   2.9e-12   35.9   0.1    20   102     7    86     1   134 0.77 -
arsA                 -            346 MBFJPLEI_03700       -            250   7.9e-13   37.8   0.7   2   2     0.049      0.53   -1.1   0.0   264   298   190   221   161   232 0.59 -
arsC                 -            123 MBFJPLEI_03881       -             88   8.2e-16   47.9   1.1   1   1   8.1e-17   8.9e-16   47.8   1.1     2    92     1    87     1    88 0.84 -
#
# Program:         hmmscan
# Version:         3.3.2 (Nov 2020)
# Pipeline mode:   SCAN
# Query file:      Clostridium_sp_100503/prokka/Clostridium_sp_100503.faa
# Target file:     /Volumes/Gabri_Bio/Arsenic_project/ars/genes.hmm
# Option settings: hmmscan -o hmmscanned_prokka/Clostridium_sp_100503_anvio.stdout.txt --domtblout hmmscanned_prokka/Clostridium_sp_100503_anvio.tbl.txt -E 0.0000000001 --cpu 4 /Volumes/Gabri_Bio/Arsenic_project/ars/genes.hmm Clostridium_sp_100503/prokka/Clostridium_sp_100503.faa 
# Current dir:     /Volumes/Gabri_Bio/Arsenic_project/Genomes/Assembled
# Date:            Sun Jan  9 14:28:08 2022
# [ok]
