#                                                                            --- full sequence --- -------------- this domain -------------   hmm coord   ali coord   env coord
# target name        accession   tlen query name           accession   qlen   E-value  score  bias   #  of  c-Evalue  i-Evalue  score  bias  from    to  from    to  from    to  acc description of target
#------------------- ---------- ----- -------------------- ---------- ----- --------- ------ ----- --- --- --------- --------- ------ ----- ----- ----- ----- ----- ----- ----- ---- ---------------------
arxA                 -            831 BLFPJJND_00125       -            734   4.5e-68  219.9   0.8   1   3   4.1e-44   1.5e-43  138.8   0.3     9   314    13   294     6   297 0.89 -
arxA                 -            831 BLFPJJND_00125       -            734   4.5e-68  219.9   0.8   2   3   2.2e-20   8.1e-20   60.3   0.0   339   568   296   520   292   531 0.77 -
arxA                 -            831 BLFPJJND_00125       -            734   4.5e-68  219.9   0.8   3   3   2.8e-07     1e-06   16.9   0.0   697   786   604   689   546   700 0.76 -
arrA                 -            846 BLFPJJND_00125       -            734   4.8e-52  166.7   0.0   1   3   9.6e-36   3.5e-35  110.9   0.0     4   298    13   294    10   298 0.90 -
arrA                 -            846 BLFPJJND_00125       -            734   4.8e-52  166.7   0.0   2   3   8.4e-15   3.1e-14   41.6   0.0   322   555   295   515   284   539 0.76 -
arrA                 -            846 BLFPJJND_00125       -            734   4.8e-52  166.7   0.0   3   3   1.5e-05   5.4e-05   11.1   0.0   749   788   643   682   635   731 0.89 -
aioA                 -            837 BLFPJJND_00125       -            734     4e-21   63.9   0.2   1   3   1.2e-15   4.3e-15   44.0   0.2    11   318    14   288     8   295 0.81 -
aioA                 -            837 BLFPJJND_00125       -            734     4e-21   63.9   0.2   2   3    0.0044     0.016    2.4   0.0   515   548   448   481   426   487 0.84 -
aioA                 -            837 BLFPJJND_00125       -            734     4e-21   63.9   0.2   3   3   2.6e-06   9.6e-06   13.1   0.0   742   790   642   690   626   693 0.91 -
arxA                 -            831 BLFPJJND_00135       -            786     2e-39  125.1   8.5   1   4   8.2e-23     3e-22   68.3   0.2     5   303    10   296     7   300 0.77 -
arxA                 -            831 BLFPJJND_00135       -            786     2e-39  125.1   8.5   2   4   4.7e-08   1.7e-07   19.5   1.5   344   408   372   437   366   456 0.85 -
arxA                 -            831 BLFPJJND_00135       -            786     2e-39  125.1   8.5   3   4   1.1e-08     4e-08   21.6   0.0   461   569   471   577   466   591 0.89 -
arxA                 -            831 BLFPJJND_00135       -            786     2e-39  125.1   8.5   4   4   2.3e-07   8.5e-07   17.2   0.0   736   830   701   784   654   785 0.88 -
arrA                 -            846 BLFPJJND_00135       -            786   1.4e-27   85.8   0.5   1   4   6.9e-21   2.5e-20   61.8   0.0     3   287    13   296    11   299 0.80 -
arrA                 -            846 BLFPJJND_00135       -            786   1.4e-27   85.8   0.5   2   4   2.7e-05   9.7e-05   10.2   0.4   328   395   372   439   365   461 0.78 -
arrA                 -            846 BLFPJJND_00135       -            786   1.4e-27   85.8   0.5   3   4   0.00026   0.00096    6.9   0.0   453   527   473   546   468   599 0.84 -
arrA                 -            846 BLFPJJND_00135       -            786   1.4e-27   85.8   0.5   4   4     0.011     0.041    1.5   0.0   746   789   702   745   654   772 0.77 -
aioA                 -            837 BLFPJJND_00135       -            786   6.3e-15   43.4   0.2   1   3   5.2e-06   1.9e-05   12.1   0.0    93   165    91   161    59   180 0.79 -
aioA                 -            837 BLFPJJND_00135       -            786   6.3e-15   43.4   0.2   2   3   8.4e-05   0.00031    8.1   0.0   519   583   511   576   477   580 0.84 -
aioA                 -            837 BLFPJJND_00135       -            786   6.3e-15   43.4   0.2   3   3   4.9e-08   1.8e-07   18.8   0.1   665   784   614   746   596   768 0.68 -
arxA                 -            831 BLFPJJND_00214       -            801   2.1e-58  187.9   0.0   1   3   2.8e-33     1e-32  102.9   0.0     8   306     4   303     2   312 0.78 -
arxA                 -            831 BLFPJJND_00214       -            801   2.1e-58  187.9   0.0   2   3   2.8e-19     1e-18   56.6   0.0   338   557   312   548   301   583 0.81 -
arxA                 -            831 BLFPJJND_00214       -            801   2.1e-58  187.9   0.0   3   3     1e-09   3.8e-09   25.0   0.0   736   788   700   750   682   754 0.90 -
arrA                 -            846 BLFPJJND_00214       -            801   8.1e-46  146.1   0.0   1   3   2.1e-27   7.6e-27   83.3   0.0     3   291     4   304     2   312 0.80 -
arrA                 -            846 BLFPJJND_00214       -            801   8.1e-46  146.1   0.0   2   3   1.5e-12   5.5e-12   34.2   0.0   323   520   313   519   308   550 0.73 -
arrA                 -            846 BLFPJJND_00214       -            801   8.1e-46  146.1   0.0   3   3   8.8e-10   3.2e-09   25.0   0.0   722   790   679   745   660   799 0.71 -
aioA                 -            837 BLFPJJND_00214       -            801   1.5e-16   48.8   0.0   1   3   5.3e-08     2e-07   18.7   0.0    68   160    60   155    23   198 0.76 -
aioA                 -            837 BLFPJJND_00214       -            801   1.5e-16   48.8   0.0   2   3     0.014      0.05    0.8   0.0   290   383   260   345   249   352 0.74 -
aioA                 -            837 BLFPJJND_00214       -            801   1.5e-16   48.8   0.0   3   3   6.6e-10   2.4e-09   25.0   0.0   697   783   659   744   632   751 0.84 -
arxA                 -            831 BLFPJJND_00289       -            962   2.7e-42  134.6   5.6   1   4   1.8e-34   6.6e-34  106.9   2.2     7   306     5   308     1   312 0.79 -
arxA                 -            831 BLFPJJND_00289       -            962   2.7e-42  134.6   5.6   2   4   0.00013   0.00048    8.1   0.1   440   540   530   641   488   660 0.70 -
arxA                 -            831 BLFPJJND_00289       -            962   2.7e-42  134.6   5.6   3   4      0.16       0.6   -2.1   0.0   100   147   670   717   665   719 0.71 -
arxA                 -            831 BLFPJJND_00289       -            962   2.7e-42  134.6   5.6   4   4   6.1e-07   2.2e-06   15.8   0.0   737   780   835   878   829   898 0.95 -
arrA                 -            846 BLFPJJND_00289       -            962   7.7e-33  103.2   0.2   1   3   1.7e-26   6.1e-26   80.4   0.4     3   289     6   307     4   311 0.78 -
arrA                 -            846 BLFPJJND_00289       -            962   7.7e-33  103.2   0.2   2   3      0.16      0.57   -2.2   0.0   453   514   561   623   554   630 0.83 -
arrA                 -            846 BLFPJJND_00289       -            962   7.7e-33  103.2   0.2   3   3   2.5e-07   9.3e-07   16.9   0.0   746   788   835   877   829   930 0.96 -
aioA                 -            837 BLFPJJND_00289       -            962   2.8e-15   44.6   0.1   1   3   4.3e-10   1.6e-09   25.6   0.1    57   180    45   169    16   184 0.85 -
aioA                 -            837 BLFPJJND_00289       -            962   2.8e-15   44.6   0.1   2   3       0.1      0.37   -2.1   0.0   268   317   262   309   247   311 0.72 -
aioA                 -            837 BLFPJJND_00289       -            962   2.8e-15   44.6   0.1   3   3   3.8e-07   1.4e-06   15.8   0.0   728   782   823   877   807   881 0.93 -
arrA                 -            846 BLFPJJND_00306       -           1214   8.4e-37  116.3   0.5   1   3   3.4e-31   1.2e-30   95.9   0.0     2   296     5   296     4   313 0.85 -
arrA                 -            846 BLFPJJND_00306       -           1214   8.4e-37  116.3   0.5   2   3      0.04      0.15   -0.3   0.1   449   654   670   880   631   889 0.61 -
arrA                 -            846 BLFPJJND_00306       -           1214   8.4e-37  116.3   0.5   3   3   3.1e-07   1.1e-06   16.6   0.0   747   788  1058  1099  1055  1114 0.93 -
arxA                 -            831 BLFPJJND_00306       -           1214   1.2e-36  116.0  10.6   1   4   2.3e-34   8.3e-34  106.5   0.2     7   309     5   293     1   306 0.82 -
arxA                 -            831 BLFPJJND_00306       -           1214   1.2e-36  116.0  10.6   2   4     0.031      0.11    0.2   0.2   327   368   452   493   438   499 0.83 -
arxA                 -            831 BLFPJJND_00306       -           1214   1.2e-36  116.0  10.6   3   4     0.038      0.14   -0.1   1.0   596   668   830   905   664   919 0.74 -
arxA                 -            831 BLFPJJND_00306       -           1214   1.2e-36  116.0  10.6   4   4   8.1e-06     3e-05   12.1   0.0   737   779  1057  1099  1049  1116 0.91 -
aioA                 -            837 BLFPJJND_00306       -           1214   7.4e-15   43.2   0.0   1   3     9e-09   3.3e-08   21.2   0.0    50   162    35   150    15   175 0.75 -
aioA                 -            837 BLFPJJND_00306       -           1214   7.4e-15   43.2   0.0   2   3      0.24      0.86   -3.3   0.0   294   332   251   289   227   294 0.79 -
aioA                 -            837 BLFPJJND_00306       -           1214   7.4e-15   43.2   0.0   3   3   4.4e-08   1.6e-07   18.9   0.0   717   782  1031  1099  1005  1107 0.85 -
arrA                 -            846 BLFPJJND_00315       -           1048   3.6e-51  163.8   0.3   1   4   3.2e-39   1.2e-38  122.4   0.1     2   293     5   293     4   302 0.86 -
arrA                 -            846 BLFPJJND_00315       -           1048   3.6e-51  163.8   0.3   2   4   3.3e-05   0.00012    9.9   0.0   319   344   436   461   415   499 0.85 -
arrA                 -            846 BLFPJJND_00315       -           1048   3.6e-51  163.8   0.3   3   4   3.3e-06   1.2e-05   13.2   0.0   475   569   624   716   598   792 0.81 -
arrA                 -            846 BLFPJJND_00315       -           1048   3.6e-51  163.8   0.3   4   4   3.6e-06   1.3e-05   13.1   0.0   746   787   912   953   892   958 0.95 -
arxA                 -            831 BLFPJJND_00315       -           1048   3.2e-49  157.5   1.5   1   3   8.6e-40   3.1e-39  124.5   0.4     7   310     5   294     2   302 0.80 -
arxA                 -            831 BLFPJJND_00315       -           1048   3.2e-49  157.5   1.5   2   3   0.00024   0.00087    7.2   0.0   335   363   436   464   415   481 0.84 -
arxA                 -            831 BLFPJJND_00315       -           1048   3.2e-49  157.5   1.5   3   3     3e-08   1.1e-07   20.1   0.0   492   777   633   952   618   962 0.65 -
aioA                 -            837 BLFPJJND_00315       -           1048   8.4e-20   59.6   1.0   1   4   1.1e-12   4.2e-12   34.1   0.4    11   162     8   150     3   158 0.85 -
aioA                 -            837 BLFPJJND_00315       -           1048   8.4e-20   59.6   1.0   2   4     0.048      0.18   -1.0   0.0   298   332   255   289   231   300 0.58 -
aioA                 -            837 BLFPJJND_00315       -           1048   8.4e-20   59.6   1.0   3   4    0.0004    0.0015    5.8   0.0   506   592   627   716   619   726 0.75 -
aioA                 -            837 BLFPJJND_00315       -           1048   8.4e-20   59.6   1.0   4   4   1.2e-06   4.4e-06   14.2   0.0   706   780   879   952   841   956 0.80 -
arxA                 -            831 BLFPJJND_00490       -            805   1.1e-54  175.6   0.8   1   1   1.3e-52   4.8e-52  166.9   0.8     5   810     2   784     1   804 0.75 -
arrA                 -            846 BLFPJJND_00490       -            805   5.8e-35  110.2   2.3   1   2   5.3e-27   1.9e-26   82.0   0.6     4   411     6   429     3   536 0.74 -
arrA                 -            846 BLFPJJND_00490       -            805   5.8e-35  110.2   2.3   2   2   1.4e-09   5.3e-09   24.3   0.0   746   797   713   764   699   789 0.82 -
aioA                 -            837 BLFPJJND_00490       -            805   1.5e-18   55.5   0.4   1   2   2.4e-11   8.9e-11   29.7   0.2    97   373    96   361    38   530 0.77 -
aioA                 -            837 BLFPJJND_00490       -            805   1.5e-18   55.5   0.4   2   2   3.6e-09   1.3e-08   22.5   0.0   742   784   715   757   703   783 0.83 -
arsC                 -            123 BLFPJJND_00583       -            121   5.1e-29   90.6   0.0   1   1     1e-29   5.6e-29   90.4   0.0     4   118     5   120     2   121 0.97 -
arsC_glut            -            117 BLFPJJND_00583       -            121     6e-15   45.3   0.0   1   1   1.2e-15   6.4e-15   45.2   0.0     6   113     7   116     2   120 0.90 -
arxA                 -            831 BLFPJJND_00586       -            800   4.6e-35  110.7   0.7   1   5   9.7e-20   3.5e-19   58.1   0.1     7   153     9   145     4   166 0.85 -
arxA                 -            831 BLFPJJND_00586       -            800   4.6e-35  110.7   0.7   2   5   6.4e-09   2.3e-08   22.3   0.0   243   303   227   289   201   294 0.87 -
arxA                 -            831 BLFPJJND_00586       -            800   4.6e-35  110.7   0.7   3   5       0.2      0.74   -2.5   0.0   343   369   374   400   366   436 0.80 -
arxA                 -            831 BLFPJJND_00586       -            800   4.6e-35  110.7   0.7   4   5   0.00033    0.0012    6.8   0.0   488   562   494   571   480   601 0.74 -
arxA                 -            831 BLFPJJND_00586       -            800   4.6e-35  110.7   0.7   5   5   1.4e-07   5.3e-07   17.9   0.0   735   779   705   749   672   772 0.87 -
arrA                 -            846 BLFPJJND_00586       -            800   9.5e-28   86.3   0.1   1   5   4.5e-14   1.7e-13   39.2   0.0     3   139    10   142     9   160 0.89 -
arrA                 -            846 BLFPJJND_00586       -            800   9.5e-28   86.3   0.1   2   5   2.1e-08   7.8e-08   20.5   0.0   220   287   217   289   193   293 0.79 -
arrA                 -            846 BLFPJJND_00586       -            800   9.5e-28   86.3   0.1   3   5      0.17      0.62   -2.4   0.0   324   355   371   401   367   438 0.84 -
arrA                 -            846 BLFPJJND_00586       -            800   9.5e-28   86.3   0.1   4   5    0.0024    0.0089    3.7   0.0   480   550   496   568   487   579 0.76 -
arrA                 -            846 BLFPJJND_00586       -            800   9.5e-28   86.3   0.1   5   5   2.9e-07   1.1e-06   16.7   0.0   705   786   675   747   657   759 0.84 -
aioA                 -            837 BLFPJJND_00586       -            800   9.2e-22   66.0   0.7   1   5   2.8e-08     1e-07   19.6   0.0    61   162    56   152     4   158 0.79 -
aioA                 -            837 BLFPJJND_00586       -            800   9.2e-22   66.0   0.7   2   5       0.1      0.37   -2.1   0.0   301   332   260   291   252   309 0.87 -
aioA                 -            837 BLFPJJND_00586       -            800   9.2e-22   66.0   0.7   3   5      0.12      0.44   -2.4   0.1   417   438   430   451   410   454 0.80 -
aioA                 -            837 BLFPJJND_00586       -            800   9.2e-22   66.0   0.7   4   5      0.19      0.71   -3.1   0.0   520   547   511   538   509   592 0.85 -
aioA                 -            837 BLFPJJND_00586       -            800   9.2e-22   66.0   0.7   5   5   3.1e-15   1.1e-14   42.6   0.0   688   802   657   770   648   777 0.85 -
arsM                 -            269 BLFPJJND_00605       -            200   3.8e-12   35.8   0.0   1   1   4.9e-13   5.4e-12   35.3   0.0    83   186    45   143    36   154 0.88 -
arxA                 -            831 BLFPJJND_00760       -            848   3.2e-49  157.5   2.4   1   3   2.1e-40   7.8e-40  126.5   4.6     7   405     2   402     1   418 0.76 -
arxA                 -            831 BLFPJJND_00760       -            848   3.2e-49  157.5   2.4   2   3   1.6e-06   5.8e-06   14.4   0.0   497   571   507   577   479   591 0.91 -
arxA                 -            831 BLFPJJND_00760       -            848   3.2e-49  157.5   2.4   3   3   2.2e-05   8.2e-05   10.6   0.0   735   776   762   803   753   812 0.86 -
arrA                 -            846 BLFPJJND_00760       -            848     3e-32  101.2   0.3   1   3   1.4e-27   5.1e-27   83.9   0.5     1   387     1   399     1   414 0.76 -
arrA                 -            846 BLFPJJND_00760       -            848     3e-32  101.2   0.3   2   3      0.26      0.96   -3.0   0.0   504   544   523   559   508   592 0.76 -
arrA                 -            846 BLFPJJND_00760       -            848     3e-32  101.2   0.3   3   3   1.5e-06   5.5e-06   14.3   0.0   744   783   762   801   755   811 0.84 -
aioA                 -            837 BLFPJJND_00760       -            848   9.4e-32   99.1   0.1   1   2     1e-16   3.7e-16   47.5   0.8    49   406    39   392     3   413 0.70 -
aioA                 -            837 BLFPJJND_00760       -            848   9.4e-32   99.1   0.1   2   2   2.4e-16   8.7e-16   46.3   0.0   519   779   510   803   503   814 0.76 -
arxA                 -            831 BLFPJJND_00899       -            883   4.2e-38  120.7   1.1   1   3   1.2e-19   4.5e-19   57.8   0.1     5   149     2   162     1   169 0.75 -
arxA                 -            831 BLFPJJND_00899       -            883   4.2e-38  120.7   1.1   2   3   4.5e-13   1.7e-12   36.1   0.0   249   376   259   382   234   412 0.78 -
arxA                 -            831 BLFPJJND_00899       -            883   4.2e-38  120.7   1.1   3   3   1.4e-08     5e-08   21.3   0.0   482   830   509   860   493   861 0.66 -
arrA                 -            846 BLFPJJND_00899       -            883   3.4e-28   87.8   0.1   1   3   6.4e-24   2.4e-23   71.8   0.0     3   364     5   385     3   408 0.73 -
arrA                 -            846 BLFPJJND_00899       -            883   3.4e-28   87.8   0.1   2   3     0.048      0.18   -0.6   0.0   469   559   507   592   494   608 0.65 -
arrA                 -            846 BLFPJJND_00899       -            883   3.4e-28   87.8   0.1   3   3   1.3e-05   4.7e-05   11.2   0.0   750   790   775   815   767   860 0.82 -
aioA                 -            837 BLFPJJND_00899       -            883     6e-15   43.5   0.0   1   3   5.1e-10   1.9e-09   25.3   0.0    94   166    98   177    59   182 0.82 -
aioA                 -            837 BLFPJJND_00899       -            883     6e-15   43.5   0.0   2   3     0.072      0.26   -1.6   0.0   291   334   275   318   261   434 0.60 -
aioA                 -            837 BLFPJJND_00899       -            883     6e-15   43.5   0.0   3   3   8.3e-07     3e-06   14.7   0.0   520   782   529   813   523   824 0.72 -
arsA                 -            346 BLFPJJND_00949       -            253   3.1e-11   32.5   2.5   1   2   4.9e-10   5.3e-09   25.2   0.6    22    62     9    49     3    64 0.90 -
arsA                 -            346 BLFPJJND_00949       -            253   3.1e-11   32.5   2.5   2   2   0.00023    0.0025    6.5   0.0   138   257   107   230   101   237 0.65 -
arxA                 -            831 BLFPJJND_00961       -            535   4.2e-15   44.7   0.4   1   1   2.5e-15   1.4e-14   43.0   0.4     7   293     3   311     1   315 0.64 -
arrA                 -            846 BLFPJJND_00961       -            535   8.3e-11   30.3   0.3   1   1   5.9e-11   3.3e-10   28.3   0.3    22   272    36   306     3   313 0.59 -
arxA                 -            831 BLFPJJND_01058       -            826   1.4e-45  145.5   3.3   1   3   1.4e-30   5.2e-30   94.0   0.1     6   310     8   304     4   314 0.84 -
arxA                 -            831 BLFPJJND_01058       -            826   1.4e-45  145.5   3.3   2   3   4.3e-11   1.6e-10   29.5   0.2   346   596   389   629   380   652 0.82 -
arxA                 -            831 BLFPJJND_01058       -            826   1.4e-45  145.5   3.3   3   3   2.6e-08   9.4e-08   20.4   0.0   733   782   737   786   654   794 0.84 -
arrA                 -            846 BLFPJJND_01058       -            826   1.1e-29   92.7   0.0   1   4   2.9e-18   1.1e-17   53.1   0.0     3   293    10   303     9   312 0.78 -
arrA                 -            846 BLFPJJND_01058       -            826   1.1e-29   92.7   0.0   2   4      0.13      0.48   -2.0   0.0   327   396   386   455   377   460 0.79 -
arrA                 -            846 BLFPJJND_01058       -            826   1.1e-29   92.7   0.0   3   4   1.2e-06   4.4e-06   14.7   0.0   461   608   506   649   490   659 0.77 -
arrA                 -            846 BLFPJJND_01058       -            826   1.1e-29   92.7   0.0   4   4   5.3e-08   1.9e-07   19.2   0.0   740   782   735   777   715   788 0.82 -
aioA                 -            837 BLFPJJND_01058       -            826     3e-13   37.9   0.3   1   4     6e-05   0.00022    8.6   0.0    98   171    93   165    54   182 0.80 -
aioA                 -            837 BLFPJJND_01058       -            826     3e-13   37.9   0.3   2   4     0.034      0.12   -0.5   0.0   289   332   256   299   200   332 0.62 -
aioA                 -            837 BLFPJJND_01058       -            826     3e-13   37.9   0.3   3   4      0.03      0.11   -0.4   0.0   520   585   537   604   513   614 0.72 -
aioA                 -            837 BLFPJJND_01058       -            826     3e-13   37.9   0.3   4   4   1.8e-09   6.5e-09   23.6   0.0   741   799   742   802   721   815 0.82 -
arxA                 -            831 BLFPJJND_01081       -            830   1.6e-48  155.2   5.4   1   3   5.5e-29     2e-28   88.7   1.9     4   308    23   330    20   341 0.79 -
arxA                 -            831 BLFPJJND_01081       -            830   1.6e-48  155.2   5.4   2   3   1.4e-13   5.2e-13   37.7   0.0   346   570   400   611   386   620 0.84 -
arxA                 -            831 BLFPJJND_01081       -            830   1.6e-48  155.2   5.4   3   3   1.2e-10   4.5e-10   28.0   0.0   648   780   665   783   661   794 0.89 -
arrA                 -            846 BLFPJJND_01081       -            830   3.1e-27   84.6   5.3   1   4   8.4e-19   3.1e-18   54.9   0.2    32   290    66   328    26   341 0.70 -
arrA                 -            846 BLFPJJND_01081       -            830   3.1e-27   84.6   5.3   2   4   0.00052    0.0019    5.9   0.1   330   408   400   483   382   505 0.59 -
arrA                 -            846 BLFPJJND_01081       -            830   3.1e-27   84.6   5.3   3   4      0.04      0.15   -0.3   0.1   641   657   666   682   639   687 0.78 -
arrA                 -            846 BLFPJJND_01081       -            830   3.1e-27   84.6   5.3   4   4   8.3e-09     3e-08   21.8   0.0   739   790   733   784   706   803 0.88 -
aioA                 -            837 BLFPJJND_01081       -            830   5.3e-13   37.1   0.0   1   2   3.6e-05   0.00013    9.3   0.0   110   167   128   189   122   476 0.82 -
aioA                 -            837 BLFPJJND_01081       -            830   5.3e-13   37.1   0.0   2   2   1.6e-08   5.8e-08   20.4   0.0   740   783   740   783   713   796 0.91 -
arxA                 -            831 BLFPJJND_01425       -            875   1.8e-49  158.3   2.0   1   2     6e-44   2.2e-43  138.2   2.5     8   616    11   670     8   680 0.70 -
arxA                 -            831 BLFPJJND_01425       -            875   1.8e-49  158.3   2.0   2   2   3.3e-06   1.2e-05   13.4   0.0   650   788   685   825   631   875 0.71 -
arrA                 -            846 BLFPJJND_01425       -            875   5.3e-34  107.0   0.1   1   2   1.5e-28   5.6e-28   87.1   0.0    13   565    24   630    10   666 0.66 -
arrA                 -            846 BLFPJJND_01425       -            875   5.3e-34  107.0   0.1   2   2   5.4e-07     2e-06   15.8   0.0   694   798   731   826   718   875 0.73 -
aioA                 -            837 BLFPJJND_01425       -            875   6.4e-20   60.0   0.4   1   3   1.2e-17   4.3e-17   50.6   0.1    58   427    58   453    20   463 0.76 -
aioA                 -            837 BLFPJJND_01425       -            875   6.4e-20   60.0   0.4   2   3   0.00069    0.0025    5.1   0.0   513   547   552   586   525   596 0.86 -
aioA                 -            837 BLFPJJND_01425       -            875   6.4e-20   60.0   0.4   3   3     0.018     0.067    0.3   0.0   742   782   778   818   768   825 0.91 -
arsM                 -            269 BLFPJJND_01468       -            254   9.7e-16   47.6   0.0   1   2   2.1e-16   2.4e-15   46.4   0.0    82   186    57   162    51   170 0.87 -
arsM                 -            269 BLFPJJND_01468       -            254   9.7e-16   47.6   0.0   2   2      0.19       2.1   -2.6   0.0   217   233   213   229   206   233 0.82 -
arxA                 -            831 BLFPJJND_01543       -            845   1.4e-51  165.3   9.5   1   4   3.7e-35   1.4e-34  109.1   1.6     8   305    11   306     7   319 0.78 -
arxA                 -            831 BLFPJJND_01543       -            845   1.4e-51  165.3   9.5   2   4   0.00023   0.00085    7.3   0.0   340   403   408   470   391   479 0.90 -
arxA                 -            831 BLFPJJND_01543       -            845   1.4e-51  165.3   9.5   3   4   2.1e-08   7.8e-08   20.6   0.3   464   569   515   619   495   665 0.79 -
arxA                 -            831 BLFPJJND_01543       -            845   1.4e-51  165.3   9.5   4   4   2.3e-11   8.3e-11   30.5   0.0   648   795   671   817   650   839 0.78 -
arrA                 -            846 BLFPJJND_01543       -            845   4.2e-37  117.3   7.1   1   4   2.5e-27   9.1e-27   83.1   0.2     3   289    11   306     9   311 0.71 -
arrA                 -            846 BLFPJJND_01543       -            845   4.2e-37  117.3   7.1   2   4     0.017     0.061    1.0   0.1   323   389   407   474   390   504 0.80 -
arrA                 -            846 BLFPJJND_01543       -            845   4.2e-37  117.3   7.1   3   4   1.6e-05   5.7e-05   11.0   0.1   479   579   541   634   517   666 0.72 -
arrA                 -            846 BLFPJJND_01543       -            845   4.2e-37  117.3   7.1   4   4   3.6e-09   1.3e-08   23.0   0.0   743   795   754   808   744   830 0.85 -
aioA                 -            837 BLFPJJND_01543       -            845   1.9e-24   74.9   0.4   1   3   4.2e-12   1.5e-11   32.2   0.2    99   312   101   303    95   309 0.84 -
aioA                 -            837 BLFPJJND_01543       -            845   1.9e-24   74.9   0.4   2   3    0.0056      0.02    2.1   0.0   510   578   545   613   528   631 0.78 -
aioA                 -            837 BLFPJJND_01543       -            845   1.9e-24   74.9   0.4   3   3   1.7e-13   6.2e-13   36.8   0.0   706   789   725   806   692   823 0.83 -
arsA                 -            346 BLFPJJND_01577       -            284   1.9e-12   36.5   0.1   1   2   3.5e-11   3.9e-10   28.9   0.1    20    59    39    78    22    94 0.86 -
arsA                 -            346 BLFPJJND_01577       -            284   1.9e-12   36.5   0.1   2   2   0.00051    0.0056    5.4   0.0   126   155   131   160   110   173 0.86 -
arxA                 -            831 BLFPJJND_01616       -            903   1.3e-44  142.3   0.1   1   2   7.6e-40   2.8e-39  124.7   0.1     5   303     3   300     1   307 0.82 -
arxA                 -            831 BLFPJJND_01616       -            903   1.3e-44  142.3   0.1   2   2   1.2e-06   4.5e-06   14.8   0.0   441   780   479   816   439   844 0.77 -
arrA                 -            846 BLFPJJND_01616       -            903   5.2e-34  107.0   0.1   1   2   4.1e-29   1.5e-28   89.0   0.1     3   286     6   299     4   305 0.80 -
arrA                 -            846 BLFPJJND_01616       -            903   5.2e-34  107.0   0.1   2   2     3e-06   1.1e-05   13.4   0.0   451   788   497   815   492   847 0.78 -
aioA                 -            837 BLFPJJND_01616       -            903   7.6e-20   59.7   0.6   1   3   2.6e-14   9.7e-14   39.5   0.1    58   194    47   174    21   183 0.83 -
aioA                 -            837 BLFPJJND_01616       -            903   7.6e-20   59.7   0.6   2   3    0.0016    0.0058    3.9   0.0   520   553   538   572   527   620 0.82 -
aioA                 -            837 BLFPJJND_01616       -            903   7.6e-20   59.7   0.6   3   3   3.1e-06   1.1e-05   12.8   0.0   729   780   762   813   746   817 0.89 -
arxA                 -            831 BLFPJJND_01634       -            886   8.6e-43  136.3   0.4   1   2     3e-34   1.1e-33  106.1   1.7     5   369     3   377     1   413 0.78 -
arxA                 -            831 BLFPJJND_01634       -            886   8.6e-43  136.3   0.4   2   2   4.4e-10   1.6e-09   26.2   0.0   501   789   532   824   498   863 0.73 -
arrA                 -            846 BLFPJJND_01634       -            886     2e-32  101.8   1.5   1   2   2.7e-29   9.7e-29   89.6   0.5     3   387     6   410     4   436 0.74 -
arrA                 -            846 BLFPJJND_01634       -            886     2e-32  101.8   1.5   2   2   1.9e-05   6.9e-05   10.7   0.0   751   790   779   818   772   842 0.92 -
aioA                 -            837 BLFPJJND_01634       -            886   2.9e-16   47.9   0.1   1   3   5.9e-11   2.2e-10   28.4   0.0    93   163    95   172    88   182 0.83 -
aioA                 -            837 BLFPJJND_01634       -            886   2.9e-16   47.9   0.1   2   3   0.00064    0.0023    5.2   0.1   290   373   275   369   246   380 0.67 -
aioA                 -            837 BLFPJJND_01634       -            886   2.9e-16   47.9   0.1   3   3   6.2e-05   0.00023    8.5   0.0   519   623   531   633   510   824 0.64 -
arxA                 -            831 BLFPJJND_01666       -            815   2.5e-43  138.0   6.3   1   4   3.2e-29   1.2e-28   89.5   0.3     8   326    10   320     6   340 0.74 -
arxA                 -            831 BLFPJJND_01666       -            815   2.5e-43  138.0   6.3   2   4   0.00094    0.0034    5.3   0.2   338   407   370   439   321   449 0.81 -
arxA                 -            831 BLFPJJND_01666       -            815   2.5e-43  138.0   6.3   3   4   4.8e-12   1.8e-11   32.7   0.2   456   571   474   589   464   610 0.83 -
arxA                 -            831 BLFPJJND_01666       -            815   2.5e-43  138.0   6.3   4   4   1.6e-05   5.9e-05   11.1   0.0   736   830   729   814   709   815 0.84 -
arrA                 -            846 BLFPJJND_01666       -            815   7.4e-28   86.7   0.7   1   4   3.4e-18   1.2e-17   52.9   0.0     3   288    10   296     8   322 0.76 -
arrA                 -            846 BLFPJJND_01666       -            815   7.4e-28   86.7   0.7   2   4     0.087      0.32   -1.4   0.1   323   393   371   440   360   449 0.76 -
arrA                 -            846 BLFPJJND_01666       -            815   7.4e-28   86.7   0.7   3   4   2.5e-08   9.1e-08   20.2   0.0   453   563   482   589   466   606 0.79 -
arrA                 -            846 BLFPJJND_01666       -            815   7.4e-28   86.7   0.7   4   4   6.8e-05   0.00025    8.9   0.0   690   777   682   761   662   773 0.83 -
aioA                 -            837 BLFPJJND_01666       -            815   1.5e-15   45.5   2.2   1   4   2.7e-10   9.9e-10   26.3   0.1    11   311    12   293     6   306 0.73 -
aioA                 -            837 BLFPJJND_01666       -            815   1.5e-15   45.5   2.2   2   4     0.061      0.23   -1.4   0.1   398   429   408   443   369   448 0.71 -
aioA                 -            837 BLFPJJND_01666       -            815   1.5e-15   45.5   2.2   3   4      0.02     0.073    0.2   0.0   520   585   522   588   482   592 0.77 -
aioA                 -            837 BLFPJJND_01666       -            815   1.5e-15   45.5   2.2   4   4   4.9e-07   1.8e-06   15.5   0.0   728   788   718   778   685   795 0.83 -
arxA                 -            831 BLFPJJND_01772       -            902   1.4e-34  109.1   0.6   1   3   3.4e-21   1.3e-20   62.9   0.6    23   314   191   473   186   478 0.82 -
arxA                 -            831 BLFPJJND_01772       -            902   1.4e-34  109.1   0.6   2   3   1.6e-08     6e-08   21.0   0.0   342   531   478   670   472   713 0.70 -
arxA                 -            831 BLFPJJND_01772       -            902   1.4e-34  109.1   0.6   3   3   1.4e-08   5.2e-08   21.2   0.0   734   783   819   868   775   881 0.88 -
aioA                 -            837 BLFPJJND_01772       -            902   3.6e-26   80.6   0.7   1   3   7.4e-11   2.7e-10   28.1   0.3    85   381   247   505   196   556 0.72 -
aioA                 -            837 BLFPJJND_01772       -            902   3.6e-26   80.6   0.7   2   3   1.4e-06   5.3e-06   13.9   0.0   520   586   640   705   623   714 0.87 -
aioA                 -            837 BLFPJJND_01772       -            902   3.6e-26   80.6   0.7   3   3     1e-11   3.7e-11   31.0   0.0   707   799   789   881   775   896 0.81 -
arrA                 -            846 BLFPJJND_01772       -            902   1.6e-23   72.3   0.0   1   4     3e-15   1.1e-14   43.1   0.0    30   299   208   474   189   477 0.80 -
arrA                 -            846 BLFPJJND_01772       -            902   1.6e-23   72.3   0.0   2   4    0.0011    0.0041    4.8   0.0   324   382   476   533   472   549 0.80 -
arrA                 -            846 BLFPJJND_01772       -            902   1.6e-23   72.3   0.0   3   4      0.27      0.97   -3.0   0.0   485   521   633   668   625   682 0.75 -
arrA                 -            846 BLFPJJND_01772       -            902   1.6e-23   72.3   0.0   4   4   2.2e-08   8.1e-08   20.4   0.0   739   786   818   862   771   877 0.76 -
arxA                 -            831 BLFPJJND_01773       -           1070   2.1e-22   68.8   1.8   1   3   1.3e-16     7e-16   47.2   0.2     8   153     3   146     1   151 0.82 -
arxA                 -            831 BLFPJJND_01773       -           1070   2.1e-22   68.8   1.8   2   3   1.6e-06   8.7e-06   13.9   0.0   249   309   249   309   225   320 0.89 -
arxA                 -            831 BLFPJJND_01773       -           1070   2.1e-22   68.8   1.8   3   3   0.00064    0.0035    5.2   0.0   730   768   961   999   935  1022 0.79 -
aioA                 -            837 BLFPJJND_01773       -           1070   1.9e-18   55.1   0.0   1   3   5.4e-11     3e-10   28.0   0.0    63   156    48   147     8   241 0.71 -
aioA                 -            837 BLFPJJND_01773       -           1070   1.9e-18   55.1   0.0   2   3   5.9e-05   0.00032    8.0   0.0   274   324   255   298   243   329 0.74 -
aioA                 -            837 BLFPJJND_01773       -           1070   1.9e-18   55.1   0.0   3   3   3.5e-07   1.9e-06   15.4   0.0   709   777   941  1005   930  1009 0.82 -
arxA                 -            831 BLFPJJND_01928       -            720   2.1e-37  118.4  13.4   1   4   8.4e-31   3.1e-30   94.7   3.7     7   298     5   272     1   282 0.82 -
arxA                 -            831 BLFPJJND_01928       -            720   2.1e-37  118.4  13.4   2   4   2.2e-08   8.2e-08   20.6   0.8   335   410   282   361   273   392 0.72 -
arxA                 -            831 BLFPJJND_01928       -            720   2.1e-37  118.4  13.4   3   4   0.00027   0.00098    7.1   0.0   485   554   421   490   409   555 0.85 -
arxA                 -            831 BLFPJJND_01928       -            720   2.1e-37  118.4  13.4   4   4     0.052      0.19   -0.5   0.0   737   783   626   672   547   676 0.71 -
arrA                 -            846 BLFPJJND_01928       -            720   6.6e-30   93.5   2.3   1   4   2.5e-22   9.1e-22   66.6   0.1     3   282     6   272     4   283 0.85 -
arrA                 -            846 BLFPJJND_01928       -            720   6.6e-30   93.5   2.3   2   4   8.2e-10     3e-09   25.1   0.8   319   394   282   360   277   372 0.74 -
arrA                 -            846 BLFPJJND_01928       -            720   6.6e-30   93.5   2.3   3   4       0.2      0.73   -2.6   0.0   478   542   424   487   406   500 0.75 -
arrA                 -            846 BLFPJJND_01928       -            720   6.6e-30   93.5   2.3   4   4      0.22       0.8   -2.7   0.0   746   786   626   666   619   675 0.80 -
aioA                 -            837 BLFPJJND_01928       -            720   5.6e-12   33.7   2.7   1   2   1.4e-10   5.1e-10   27.2   1.7    55   239    41   210     6   215 0.77 -
aioA                 -            837 BLFPJJND_01928       -            720   5.6e-12   33.7   2.7   2   2   0.00067    0.0025    5.1   0.0   740   788   626   674   597   679 0.86 -
arxA                 -            831 BLFPJJND_01961       -            728   1.9e-32  102.0   1.6   1   3   3.7e-20   1.4e-19   59.5   0.1    59   305     6   247     2   251 0.85 -
arxA                 -            831 BLFPJJND_01961       -            728   1.9e-32  102.0   1.6   2   3   9.6e-10   3.5e-09   25.1   0.3   326   590   246   509   244   518 0.75 -
arxA                 -            831 BLFPJJND_01961       -            728   1.9e-32  102.0   1.6   3   3   6.5e-07   2.4e-06   15.7   0.0   677   784   549   656   542   674 0.73 -
arrA                 -            846 BLFPJJND_01961       -            728   2.2e-25   78.5   2.1   1   4   1.6e-15   5.8e-15   44.0   0.0    48   289     6   247     2   251 0.84 -
arrA                 -            846 BLFPJJND_01961       -            728   2.2e-25   78.5   2.1   2   4   2.4e-10     9e-10   26.9   0.8   305   386   241   320   238   339 0.82 -
arrA                 -            846 BLFPJJND_01961       -            728   2.2e-25   78.5   2.1   3   4       0.1      0.37   -1.6   0.0   476   514   410   448   394   467 0.84 -
arrA                 -            846 BLFPJJND_01961       -            728   2.2e-25   78.5   2.1   4   4   0.00011   0.00041    8.1   0.0   746   792   609   655   602   669 0.90 -
aioA                 -            837 BLFPJJND_01961       -            728   4.8e-23   70.3   0.1   1   3     3e-14   1.1e-13   39.3   0.1    91   381    33   288     6   294 0.78 -
aioA                 -            837 BLFPJJND_01961       -            728   4.8e-23   70.3   0.1   2   3     0.013     0.047    0.8   0.0   521   586   427   492   414   505 0.83 -
aioA                 -            837 BLFPJJND_01961       -            728   4.8e-23   70.3   0.1   3   3   8.8e-09   3.2e-08   21.2   0.0   664   805   536   674   515   692 0.79 -
arsM                 -            269 BLFPJJND_02042       -            245   1.2e-14   44.0   0.2   1   1   1.5e-15   1.7e-14   43.6   0.2    83   235    41   207    37   227 0.83 -
arxA                 -            831 BLFPJJND_02132       -            807   1.3e-41  132.3   4.8   1   5   1.5e-20   5.3e-20   60.9   0.3     6   152     7   147     4   164 0.76 -
arxA                 -            831 BLFPJJND_02132       -            807   1.3e-41  132.3   4.8   2   5   1.2e-11   4.3e-11   31.4   0.0   240   303   225   290   196   294 0.87 -
arxA                 -            831 BLFPJJND_02132       -            807   1.3e-41  132.3   4.8   3   5   1.6e-06   5.9e-06   14.4   0.0   343   408   376   443   360   468 0.84 -
arxA                 -            831 BLFPJJND_02132       -            807   1.3e-41  132.3   4.8   4   5     2e-05   7.2e-05   10.8   0.0   486   562   503   576   473   597 0.79 -
arxA                 -            831 BLFPJJND_02132       -            807   1.3e-41  132.3   4.8   5   5   6.8e-06   2.5e-05   12.3   0.0   737   781   716   760   697   772 0.90 -
arrA                 -            846 BLFPJJND_02132       -            807   3.4e-34  107.7   0.1   1   4   1.6e-23   5.8e-23   70.5   0.0     3   287     9   290     7   293 0.80 -
arrA                 -            846 BLFPJJND_02132       -            807   3.4e-34  107.7   0.1   2   4   2.8e-06     1e-05   13.5   0.0   325   387   374   436   356   470 0.69 -
arrA                 -            846 BLFPJJND_02132       -            807   3.4e-34  107.7   0.1   3   4   8.1e-05    0.0003    8.6   0.0   463   559   487   581   476   609 0.79 -
arrA                 -            846 BLFPJJND_02132       -            807   3.4e-34  107.7   0.1   4   4   3.7e-05   0.00014    9.7   0.0   702   788   681   758   661   786 0.83 -
aioA                 -            837 BLFPJJND_02132       -            807   7.6e-19   56.4   0.3   1   4   2.5e-08     9e-08   19.8   0.0    11   163    11   156     1   163 0.70 -
aioA                 -            837 BLFPJJND_02132       -            807   7.6e-19   56.4   0.3   2   4   0.00025    0.0009    6.5   0.0   295   331   255   291   200   314 0.84 -
aioA                 -            837 BLFPJJND_02132       -            807   7.6e-19   56.4   0.3   3   4      0.02     0.075    0.2   0.0   518   548   515   544   458   557 0.71 -
aioA                 -            837 BLFPJJND_02132       -            807   7.6e-19   56.4   0.3   4   4   9.4e-10   3.4e-09   24.5   0.0   723   785   700   761   667   780 0.81 -
arxA                 -            831 BLFPJJND_02176       -            959   2.6e-35  111.5   0.5   1   3   2.4e-27   8.6e-27   83.3   0.1     5   303     3   304     1   309 0.71 -
arxA                 -            831 BLFPJJND_02176       -            959   2.6e-35  111.5   0.5   2   3    0.0028      0.01    3.7   0.0   405   527   496   621   483   637 0.78 -
arxA                 -            831 BLFPJJND_02176       -            959   2.6e-35  111.5   0.5   3   3   2.1e-08   7.8e-08   20.6   0.0   737   781   829   873   824   926 0.86 -
arrA                 -            846 BLFPJJND_02176       -            959   5.7e-27   83.8   0.0   1   2   9.7e-20   3.5e-19   58.0   0.0     3   286     6   303     4   309 0.75 -
arrA                 -            846 BLFPJJND_02176       -            959   5.7e-27   83.8   0.0   2   2   5.4e-09     2e-08   22.4   0.0   746   788   829   871   819   927 0.79 -
aioA                 -            837 BLFPJJND_02176       -            959   3.6e-17   50.8   0.3   1   3   6.4e-11   2.4e-10   28.3   0.1    45   171    46   164     4   171 0.71 -
aioA                 -            837 BLFPJJND_02176       -            959   3.6e-17   50.8   0.3   2   3      0.41       1.5   -4.1   0.0   301   329   275   303   267   305 0.84 -
aioA                 -            837 BLFPJJND_02176       -            959   3.6e-17   50.8   0.3   3   3   1.9e-08   6.9e-08   20.2   0.0   727   785   816   874   786   924 0.85 -
#
# Program:         hmmscan
# Version:         3.3.2 (Nov 2020)
# Pipeline mode:   SCAN
# Query file:      Enterorhabdus_muris_29508/prokka/Enterorhabdus_muris_29508.faa
# Target file:     /Volumes/Gabri_Bio/Arsenic_project/ars/genes.hmm
# Option settings: hmmscan -o hmmscanned_prokka/Enterorhabdus_muris_29508_anvio.stdout.txt --domtblout hmmscanned_prokka/Enterorhabdus_muris_29508_anvio.tbl.txt -E 0.0000000001 --cpu 4 /Volumes/Gabri_Bio/Arsenic_project/ars/genes.hmm Enterorhabdus_muris_29508/prokka/Enterorhabdus_muris_29508.faa 
# Current dir:     /Volumes/Gabri_Bio/Arsenic_project/Genomes/Genomes_from_NCBI
# Date:            Sun Jan  9 23:12:25 2022
# [ok]
