#                                                                            --- full sequence --- -------------- this domain -------------   hmm coord   ali coord   env coord
# target name        accession   tlen query name           accession   qlen   E-value  score  bias   #  of  c-Evalue  i-Evalue  score  bias  from    to  from    to  from    to  acc description of target
#------------------- ---------- ----- -------------------- ---------- ----- --------- ------ ----- --- --- --------- --------- ------ ----- ----- ----- ----- ----- ----- ----- ---- ---------------------
arxA                 -            831 MKOIJCKN_00024       -            848   4.6e-49  157.0   2.3   1   3     3e-40   1.1e-39  126.0   4.4     7   405     2   402     1   418 0.75 -
arxA                 -            831 MKOIJCKN_00024       -            848   4.6e-49  157.0   2.3   2   3   1.5e-06   5.4e-06   14.5   0.0   497   571   507   577   479   591 0.91 -
arxA                 -            831 MKOIJCKN_00024       -            848   4.6e-49  157.0   2.3   3   3   2.2e-05   8.2e-05   10.6   0.0   735   776   762   803   753   812 0.86 -
arrA                 -            846 MKOIJCKN_00024       -            848   5.6e-32  100.3   0.2   1   3   2.3e-27   8.3e-27   83.2   0.4     1   387     1   399     1   414 0.76 -
arrA                 -            846 MKOIJCKN_00024       -            848   5.6e-32  100.3   0.2   2   3      0.56       2.1   -4.1   0.0   505   543   524   558   511   573 0.72 -
arrA                 -            846 MKOIJCKN_00024       -            848   5.6e-32  100.3   0.2   3   3   1.5e-06   5.5e-06   14.3   0.0   744   783   762   801   755   811 0.84 -
aioA                 -            837 MKOIJCKN_00024       -            848   2.4e-31   97.8   0.1   1   2   8.7e-17   3.2e-16   47.7   0.9    46   407    36   393     3   413 0.70 -
aioA                 -            837 MKOIJCKN_00024       -            848   2.4e-31   97.8   0.1   2   2   7.7e-16   2.8e-15   44.6   0.0   519   779   510   803   503   814 0.76 -
arxA                 -            831 MKOIJCKN_00036       -            819   1.3e-38  122.5  11.7   1   3     1e-24   3.8e-24   74.6   1.7     4   302    14   311    11   316 0.76 -
arxA                 -            831 MKOIJCKN_00036       -            819   1.3e-38  122.5  11.7   2   3   9.1e-11   3.3e-10   28.5   2.9   339   568   383   599   377   642 0.79 -
arxA                 -            831 MKOIJCKN_00036       -            819   1.3e-38  122.5  11.7   3   3   1.4e-08   5.1e-08   21.2   0.0   728   830   720   818   693   819 0.77 -
arrA                 -            846 MKOIJCKN_00036       -            819   3.9e-27   84.3   8.6   1   3   1.7e-17   6.2e-17   50.6   1.2     3   286    18   311    17   315 0.70 -
arrA                 -            846 MKOIJCKN_00036       -            819   3.9e-27   84.3   8.6   2   3   0.00011   0.00039    8.2   0.7   323   423   383   486   375   601 0.69 -
arrA                 -            846 MKOIJCKN_00036       -            819   3.9e-27   84.3   8.6   3   3   5.8e-09   2.1e-08   22.3   0.0   741   791   724   774   687   785 0.89 -
aioA                 -            837 MKOIJCKN_00036       -            819     1e-11   32.8   0.9   1   3    0.0022    0.0081    3.4   0.4   132   390   142   423   116   462 0.49 -
aioA                 -            837 MKOIJCKN_00036       -            819     1e-11   32.8   0.9   2   3     0.071      0.26   -1.6   0.0   521   547   538   564   524   601 0.83 -
aioA                 -            837 MKOIJCKN_00036       -            819     1e-11   32.8   0.9   3   3   6.9e-10   2.5e-09   24.9   0.0   738   786   727   775   628   794 0.83 -
arxA                 -            831 MKOIJCKN_00328       -            883   5.4e-33  103.8   0.1   1   1   2.4e-32   1.3e-31   99.3   0.1     8   789    15   823    11   863 0.67 -
arrA                 -            846 MKOIJCKN_00328       -            883   5.1e-25   77.3   0.0   1   2   4.6e-21   2.6e-20   61.8   0.0     3   549    15   580    13   594 0.66 -
arrA                 -            846 MKOIJCKN_00328       -            883   5.1e-25   77.3   0.0   2   2   1.1e-05   6.3e-05   10.8   0.0   735   798   762   823   754   844 0.88 -
arsM                 -            269 MKOIJCKN_00335       -            235   1.1e-14   44.2   0.0   1   1   1.2e-15   1.3e-14   44.0   0.0    83   239    33   201    29   234 0.85 -
arxA                 -            831 MKOIJCKN_00726       -            875   1.6e-49  158.6   2.1   1   2     7e-44   2.6e-43  138.0   2.7     8   616    11   670     8   680 0.70 -
arxA                 -            831 MKOIJCKN_00726       -            875   1.6e-49  158.6   2.1   2   2   2.5e-06   9.1e-06   13.8   0.0   650   788   685   825   644   875 0.71 -
arrA                 -            846 MKOIJCKN_00726       -            875   3.9e-35  110.8   0.1   1   2   9.6e-30   3.5e-29   91.1   0.0     4   565    12   630    10   666 0.68 -
arrA                 -            846 MKOIJCKN_00726       -            875   3.9e-35  110.8   0.1   2   2   4.8e-07   1.8e-06   16.0   0.0   694   798   731   826   718   875 0.73 -
aioA                 -            837 MKOIJCKN_00726       -            875   8.4e-20   59.6   0.5   1   3   1.7e-17   6.2e-17   50.1   0.2    58   426    58   452    20   463 0.75 -
aioA                 -            837 MKOIJCKN_00726       -            875   8.4e-20   59.6   0.5   2   3   0.00069    0.0025    5.1   0.0   513   547   552   586   525   596 0.86 -
aioA                 -            837 MKOIJCKN_00726       -            875   8.4e-20   59.6   0.5   3   3     0.016     0.058    0.6   0.0   742   782   778   818   768   825 0.91 -
arxA                 -            831 MKOIJCKN_00905       -            959   8.8e-35  109.8   0.5   1   3   2.4e-27   8.6e-27   83.3   0.1     5   303     3   304     1   309 0.71 -
arxA                 -            831 MKOIJCKN_00905       -            959   8.8e-35  109.8   0.5   2   3      0.01     0.037    1.8   0.0   420   527   511   621   483   637 0.77 -
arxA                 -            831 MKOIJCKN_00905       -            959   8.8e-35  109.8   0.5   3   3   2.1e-08   7.8e-08   20.6   0.0   737   781   829   873   824   926 0.86 -
arrA                 -            846 MKOIJCKN_00905       -            959   2.6e-27   84.9   0.0   1   2   9.7e-20   3.5e-19   58.0   0.0     3   286     6   303     4   309 0.75 -
arrA                 -            846 MKOIJCKN_00905       -            959   2.6e-27   84.9   0.0   2   2   2.4e-09   8.7e-09   23.6   0.0   746   788   829   871   819   927 0.79 -
aioA                 -            837 MKOIJCKN_00905       -            959   1.9e-17   51.8   0.3   1   3   6.4e-11   2.4e-10   28.3   0.1    45   171    46   164     4   171 0.71 -
aioA                 -            837 MKOIJCKN_00905       -            959   1.9e-17   51.8   0.3   2   3      0.41       1.5   -4.1   0.0   301   329   275   303   267   305 0.84 -
aioA                 -            837 MKOIJCKN_00905       -            959   1.9e-17   51.8   0.3   3   3   9.8e-09   3.6e-08   21.1   0.0   727   785   816   874   786   924 0.85 -
arxA                 -            831 MKOIJCKN_00977       -            878   3.9e-41  130.8   2.0   1   4   1.7e-19   6.1e-19   57.4   0.3     7   149     5   158     2   163 0.71 -
arxA                 -            831 MKOIJCKN_00977       -            878   3.9e-41  130.8   2.0   2   4     4e-15   1.5e-14   42.9   0.2   250   411   256   413   228   425 0.82 -
arxA                 -            831 MKOIJCKN_00977       -            878   3.9e-41  130.8   2.0   3   4   3.4e-05   0.00013   10.0   0.0   481   572   503   592   481   611 0.82 -
arxA                 -            831 MKOIJCKN_00977       -            878   3.9e-41  130.8   2.0   4   4   3.6e-07   1.3e-06   16.6   0.0   649   830   684   855   676   856 0.73 -
arrA                 -            846 MKOIJCKN_00977       -            878   2.3e-29   91.7   1.0   1   4     6e-25   2.2e-24   75.2   0.3     3   387     6   404     4   425 0.73 -
arrA                 -            846 MKOIJCKN_00977       -            878   2.3e-29   91.7   1.0   2   4     0.013     0.047    1.3   0.0   470   516   503   548   488   593 0.72 -
arrA                 -            846 MKOIJCKN_00977       -            878   2.3e-29   91.7   1.0   3   4      0.25       0.9   -2.9   0.0   645   662   688   705   684   737 0.67 -
arrA                 -            846 MKOIJCKN_00977       -            878   2.3e-29   91.7   1.0   4   4   1.8e-05   6.6e-05   10.8   0.0   750   797   770   815   761   856 0.71 -
aioA                 -            837 MKOIJCKN_00977       -            878     4e-12   34.2   0.1   1   4   1.5e-09   5.7e-09   23.7   0.1    72   166    71   173     6   179 0.66 -
aioA                 -            837 MKOIJCKN_00977       -            878     4e-12   34.2   0.1   2   4     0.015     0.054    0.7   0.0   290   341   270   324   257   375 0.66 -
aioA                 -            837 MKOIJCKN_00977       -            878     4e-12   34.2   0.1   3   4    0.0017    0.0062    3.8   0.0   520   586   524   591   506   622 0.85 -
aioA                 -            837 MKOIJCKN_00977       -            878     4e-12   34.2   0.1   4   4     0.026     0.094   -0.1   0.0   742   782   768   808   687   817 0.80 -
arsM                 -            269 MKOIJCKN_01116       -            247   2.7e-15   46.2   0.0   1   2     1e-15   1.1e-14   44.1   0.0    81   186    56   162    51   170 0.87 -
arsM                 -            269 MKOIJCKN_01116       -            247   2.7e-15   46.2   0.0   2   2     0.054      0.59   -0.9   0.0   217   233   213   229   202   234 0.83 -
arxA                 -            831 MKOIJCKN_01123       -            841   7.6e-38  119.9   0.0   1   3   1.1e-25   4.2e-25   77.7   0.2     6   303     9   296     6   302 0.75 -
arxA                 -            831 MKOIJCKN_01123       -            841   7.6e-38  119.9   0.0   2   3   6.8e-09   2.5e-08   22.3   0.0   342   570   389   609   360   625 0.84 -
arxA                 -            831 MKOIJCKN_01123       -            841   7.6e-38  119.9   0.0   3   3   8.2e-07     3e-06   15.4   0.0   649   831   667   839   659   839 0.78 -
arrA                 -            846 MKOIJCKN_01123       -            841   6.5e-24   73.6   0.0   1   3   1.4e-20   5.1e-20   60.8   0.0     2   279    10   288     9   298 0.81 -
arrA                 -            846 MKOIJCKN_01123       -            841   6.5e-24   73.6   0.0   2   3   0.00024   0.00088    7.0   0.0   461   577   511   621   497   655 0.77 -
arrA                 -            846 MKOIJCKN_01123       -            841   6.5e-24   73.6   0.0   3   3      0.02     0.074    0.7   0.0   726   779   737   787   707   826 0.81 -
aioA                 -            837 MKOIJCKN_01123       -            841   5.4e-12   33.7   0.0   1   3   1.2e-08   4.3e-08   20.8   0.0    57   163    57   159    10   188 0.79 -
aioA                 -            837 MKOIJCKN_01123       -            841   5.4e-12   33.7   0.0   2   3      0.07      0.26   -1.6   0.0   301   335   267   316   248   470 0.66 -
aioA                 -            837 MKOIJCKN_01123       -            841   5.4e-12   33.7   0.0   3   3   2.8e-05    0.0001    9.6   0.0   742   767   756   781   706   840 0.81 -
arxA                 -            831 MKOIJCKN_01435       -            962   2.7e-42  134.6   5.6   1   4   1.8e-34   6.6e-34  106.9   2.2     7   306     5   308     1   312 0.79 -
arxA                 -            831 MKOIJCKN_01435       -            962   2.7e-42  134.6   5.6   2   4   0.00013   0.00048    8.1   0.1   440   540   530   641   488   660 0.70 -
arxA                 -            831 MKOIJCKN_01435       -            962   2.7e-42  134.6   5.6   3   4      0.16       0.6   -2.1   0.0   100   147   670   717   665   719 0.71 -
arxA                 -            831 MKOIJCKN_01435       -            962   2.7e-42  134.6   5.6   4   4   6.1e-07   2.2e-06   15.8   0.0   737   780   835   878   829   898 0.95 -
arrA                 -            846 MKOIJCKN_01435       -            962   7.7e-33  103.2   0.2   1   3   1.7e-26   6.1e-26   80.4   0.4     3   289     6   307     4   311 0.78 -
arrA                 -            846 MKOIJCKN_01435       -            962   7.7e-33  103.2   0.2   2   3      0.16      0.57   -2.2   0.0   453   514   561   623   554   630 0.83 -
arrA                 -            846 MKOIJCKN_01435       -            962   7.7e-33  103.2   0.2   3   3   2.5e-07   9.3e-07   16.9   0.0   746   788   835   877   829   930 0.96 -
aioA                 -            837 MKOIJCKN_01435       -            962   2.8e-15   44.6   0.1   1   3   4.3e-10   1.6e-09   25.6   0.1    57   180    45   169    16   184 0.85 -
aioA                 -            837 MKOIJCKN_01435       -            962   2.8e-15   44.6   0.1   2   3       0.1      0.37   -2.1   0.0   268   317   262   309   247   311 0.72 -
aioA                 -            837 MKOIJCKN_01435       -            962   2.8e-15   44.6   0.1   3   3   3.8e-07   1.4e-06   15.8   0.0   728   782   823   877   807   881 0.93 -
arrA                 -            846 MKOIJCKN_01450       -           1214   8.4e-37  116.3   0.5   1   3   3.4e-31   1.2e-30   95.9   0.0     2   296     5   296     4   313 0.85 -
arrA                 -            846 MKOIJCKN_01450       -           1214   8.4e-37  116.3   0.5   2   3      0.04      0.15   -0.3   0.1   449   654   670   880   631   889 0.61 -
arrA                 -            846 MKOIJCKN_01450       -           1214   8.4e-37  116.3   0.5   3   3   3.1e-07   1.1e-06   16.6   0.0   747   788  1058  1099  1055  1114 0.93 -
arxA                 -            831 MKOIJCKN_01450       -           1214   1.1e-36  116.0  10.6   1   4   2.3e-34   8.3e-34  106.5   0.2     7   309     5   293     1   306 0.82 -
arxA                 -            831 MKOIJCKN_01450       -           1214   1.1e-36  116.0  10.6   2   4     0.031      0.11    0.2   0.2   327   368   452   493   438   499 0.83 -
arxA                 -            831 MKOIJCKN_01450       -           1214   1.1e-36  116.0  10.6   3   4     0.038      0.14   -0.1   1.0   596   668   830   905   664   919 0.74 -
arxA                 -            831 MKOIJCKN_01450       -           1214   1.1e-36  116.0  10.6   4   4   8.1e-06     3e-05   12.1   0.0   737   779  1057  1099  1049  1116 0.91 -
aioA                 -            837 MKOIJCKN_01450       -           1214   7.5e-15   43.2   0.0   1   3     9e-09   3.3e-08   21.2   0.0    50   162    35   150    15   175 0.75 -
aioA                 -            837 MKOIJCKN_01450       -           1214   7.5e-15   43.2   0.0   2   3      0.24      0.86   -3.3   0.0   294   332   251   289   227   294 0.79 -
aioA                 -            837 MKOIJCKN_01450       -           1214   7.5e-15   43.2   0.0   3   3   4.4e-08   1.6e-07   18.9   0.0   717   782  1031  1099  1005  1107 0.85 -
arxA                 -            831 MKOIJCKN_01703       -            828   8.9e-35  109.7   4.0   1   3   7.2e-24   2.6e-23   71.8   1.4     8   303    11   293     6   319 0.76 -
arxA                 -            831 MKOIJCKN_01703       -            828   8.9e-35  109.7   4.0   2   3     9e-08   3.3e-07   18.5   0.0   464   594   494   617   375   654 0.74 -
arxA                 -            831 MKOIJCKN_01703       -            828   8.9e-35  109.7   4.0   3   3   1.6e-07   5.7e-07   17.8   0.0   735   779   731   775   641   817 0.80 -
arrA                 -            846 MKOIJCKN_01703       -            828   1.4e-29   92.4   0.0   1   3   3.1e-22   1.1e-21   66.2   0.0     3   286    11   292    10   319 0.81 -
arrA                 -            846 MKOIJCKN_01703       -            828   1.4e-29   92.4   0.0   2   3   0.00039    0.0014    6.3   0.0   463   528   501   565   437   599 0.85 -
arrA                 -            846 MKOIJCKN_01703       -            828   1.4e-29   92.4   0.0   3   3     5e-07   1.8e-06   15.9   0.0   742   788   729   775   716   796 0.92 -
aioA                 -            837 MKOIJCKN_01703       -            828   1.4e-16   48.9   0.9   1   4   9.4e-10   3.4e-09   24.5   0.1    60   156    49   148    11   161 0.77 -
aioA                 -            837 MKOIJCKN_01703       -            828   1.4e-16   48.9   0.9   2   4     0.005     0.018    2.2   0.0   284   335   247   298   229   339 0.81 -
aioA                 -            837 MKOIJCKN_01703       -            828   1.4e-16   48.9   0.9   3   4     0.086      0.32   -1.9   0.0   520   546   530   556   521   560 0.85 -
aioA                 -            837 MKOIJCKN_01703       -            828   1.4e-16   48.9   0.9   4   4   7.1e-08   2.6e-07   18.2   0.0   737   782   730   775   640   807 0.82 -
arsM                 -            269 MKOIJCKN_01734       -            200   5.2e-11   32.1   0.0   1   1   5.9e-12   6.5e-11   31.8   0.0    83   186    45   143    36   177 0.89 -
arxA                 -            831 MKOIJCKN_01750       -            800   4.5e-35  110.7   0.5   1   5   1.1e-19     4e-19   58.0   0.0     7   153     9   145     6   166 0.85 -
arxA                 -            831 MKOIJCKN_01750       -            800   4.5e-35  110.7   0.5   2   5   6.4e-09   2.3e-08   22.3   0.0   243   303   227   289   201   294 0.87 -
arxA                 -            831 MKOIJCKN_01750       -            800   4.5e-35  110.7   0.5   3   5      0.17      0.64   -2.2   0.0   340   369   371   400   350   437 0.78 -
arxA                 -            831 MKOIJCKN_01750       -            800   4.5e-35  110.7   0.5   4   5   0.00033    0.0012    6.8   0.0   488   562   494   571   480   601 0.74 -
arxA                 -            831 MKOIJCKN_01750       -            800   4.5e-35  110.7   0.5   5   5   1.4e-07   5.3e-07   17.9   0.0   735   779   705   749   672   772 0.87 -
arrA                 -            846 MKOIJCKN_01750       -            800   9.4e-28   86.3   0.0   1   5   4.5e-14   1.7e-13   39.2   0.0     3   139    10   142     9   160 0.89 -
arrA                 -            846 MKOIJCKN_01750       -            800   9.4e-28   86.3   0.0   2   5   2.1e-08   7.8e-08   20.5   0.0   220   287   217   289   193   293 0.79 -
arrA                 -            846 MKOIJCKN_01750       -            800   9.4e-28   86.3   0.0   3   5      0.17      0.62   -2.4   0.0   323   355   370   401   352   438 0.84 -
arrA                 -            846 MKOIJCKN_01750       -            800   9.4e-28   86.3   0.0   4   5    0.0024    0.0089    3.7   0.0   480   550   496   568   487   579 0.76 -
arrA                 -            846 MKOIJCKN_01750       -            800   9.4e-28   86.3   0.0   5   5   2.9e-07   1.1e-06   16.7   0.0   705   786   675   747   657   759 0.84 -
aioA                 -            837 MKOIJCKN_01750       -            800   8.6e-22   66.2   0.6   1   5   2.8e-08     1e-07   19.6   0.0    61   162    56   152     4   158 0.79 -
aioA                 -            837 MKOIJCKN_01750       -            800   8.6e-22   66.2   0.6   2   5       0.1      0.37   -2.1   0.0   301   332   260   291   252   309 0.87 -
aioA                 -            837 MKOIJCKN_01750       -            800   8.6e-22   66.2   0.6   3   5      0.12      0.44   -2.4   0.1   417   438   430   451   410   454 0.80 -
aioA                 -            837 MKOIJCKN_01750       -            800   8.6e-22   66.2   0.6   4   5      0.19      0.71   -3.1   0.0   520   547   511   538   509   592 0.85 -
aioA                 -            837 MKOIJCKN_01750       -            800   8.6e-22   66.2   0.6   5   5   3.1e-15   1.1e-14   42.6   0.0   688   802   657   770   648   777 0.85 -
arsC                 -            123 MKOIJCKN_01754       -            121   9.5e-29   89.7   0.0   1   1   1.9e-29     1e-28   89.6   0.0     4   118     5   120     2   121 0.96 -
arsC_glut            -            117 MKOIJCKN_01754       -            121   1.9e-15   46.9   0.0   1   1   3.6e-16     2e-15   46.8   0.0     6   109     7   112     2   120 0.90 -
arxA                 -            831 MKOIJCKN_01836       -           1116   1.8e-37  118.7   3.4   1   4   1.5e-24   5.6e-24   74.0   0.2     8   170     6   165     1   189 0.79 -
arxA                 -            831 MKOIJCKN_01836       -           1116   1.8e-37  118.7   3.4   2   4   2.6e-10   9.5e-10   27.0   0.1   211   307   242   332   201   340 0.80 -
arxA                 -            831 MKOIJCKN_01836       -           1116   1.8e-37  118.7   3.4   3   4    0.0065     0.024    2.5   0.0   441   529   566   657   520   670 0.82 -
arxA                 -            831 MKOIJCKN_01836       -           1116   1.8e-37  118.7   3.4   4   4   4.8e-06   1.8e-05   12.8   0.0   638   802   842  1020   821  1056 0.70 -
arrA                 -            846 MKOIJCKN_01836       -           1116   1.5e-30   95.6   1.6   1   3   3.5e-16   1.3e-15   46.2   0.0     3   153     6   160     5   185 0.77 -
arrA                 -            846 MKOIJCKN_01836       -           1116   1.5e-30   95.6   1.6   2   3   1.7e-11   6.1e-11   30.7   0.2   186   290   227   331   202   335 0.83 -
arrA                 -            846 MKOIJCKN_01836       -           1116   1.5e-30   95.6   1.6   3   3   5.6e-07     2e-06   15.8   0.0   634   845   846  1055   818  1056 0.71 -
aioA                 -            837 MKOIJCKN_01836       -           1116   1.3e-13   39.1   0.0   1   2     3e-08   1.1e-07   19.5   0.0    91   165    85   159     6   167 0.73 -
aioA                 -            837 MKOIJCKN_01836       -           1116   1.3e-13   39.1   0.0   2   2   1.4e-07   5.3e-07   17.2   0.0   707   784   927  1002   910  1035 0.82 -
arxA                 -            831 MKOIJCKN_01844       -            839   1.5e-35  112.3   1.8   1   3   1.6e-26     6e-26   80.5   0.2     6   335     3   330     1   348 0.77 -
arxA                 -            831 MKOIJCKN_01844       -            839   1.5e-35  112.3   1.8   2   3   2.2e-06   8.1e-06   14.0   0.2   464   565   489   589   369   607 0.83 -
arxA                 -            831 MKOIJCKN_01844       -            839   1.5e-35  112.3   1.8   3   3   9.7e-07   3.6e-06   15.1   0.0   737   829   735   818   627   819 0.84 -
arrA                 -            846 MKOIJCKN_01844       -            839   3.8e-24   74.4   2.2   1   3   4.6e-18   1.7e-17   52.4   1.6     3   317     5   328     3   340 0.74 -
arrA                 -            846 MKOIJCKN_01844       -            839   3.8e-24   74.4   2.2   2   3    0.0093     0.034    1.8   0.0   496   559   532   591   512   603 0.74 -
arrA                 -            846 MKOIJCKN_01844       -            839   3.8e-24   74.4   2.2   3   3   2.7e-06   9.9e-06   13.5   0.0   746   789   735   778   714   804 0.83 -
aioA                 -            837 MKOIJCKN_01844       -            839   3.1e-17   51.1   3.4   1   3   1.3e-11   4.6e-11   30.7   0.2    69   313    69   296     4   318 0.80 -
aioA                 -            837 MKOIJCKN_01844       -            839   3.1e-17   51.1   3.4   2   3   9.7e-05   0.00035    7.9   0.1   525   578   533   587   516   606 0.85 -
aioA                 -            837 MKOIJCKN_01844       -            839   3.1e-17   51.1   3.4   3   3     7e-06   2.6e-05   11.6   0.0   741   800   736   800   676   809 0.78 -
arxA                 -            831 MKOIJCKN_01850       -            807   6.7e-54  173.0   8.4   1   3   2.8e-29     1e-28   89.7   0.2    63   306    28   264     2   270 0.83 -
arxA                 -            831 MKOIJCKN_01850       -            807   6.7e-54  173.0   8.4   2   3   3.1e-19   1.1e-18   56.5   1.8   339   623   339   641   333   646 0.74 -
arxA                 -            831 MKOIJCKN_01850       -            807   6.7e-54  173.0   8.4   3   3     2e-10   7.4e-10   27.3   0.0   732   831   712   807   641   807 0.81 -
arrA                 -            846 MKOIJCKN_01850       -            807   2.4e-42  134.6   8.3   1   4   2.8e-24     1e-23   73.0   0.3    31   289     7   263     1   267 0.85 -
arrA                 -            846 MKOIJCKN_01850       -            807   2.4e-42  134.6   8.3   2   4   1.1e-14   3.9e-14   41.3   1.1   323   570   339   593   335   608 0.70 -
arrA                 -            846 MKOIJCKN_01850       -            807   2.4e-42  134.6   8.3   3   4      0.26      0.96   -3.0   0.0   641   658   643   660   630   661 0.81 -
arrA                 -            846 MKOIJCKN_01850       -            807   2.4e-42  134.6   8.3   4   4   3.3e-08   1.2e-07   19.8   0.0   743   795   714   764   682   795 0.83 -
aioA                 -            837 MKOIJCKN_01850       -            807   2.4e-21   64.7   1.2   1   3   9.8e-09   3.6e-08   21.1   0.7   121   387    77   376    64   415 0.72 -
aioA                 -            837 MKOIJCKN_01850       -            807   2.4e-21   64.7   1.2   2   3   1.9e-05     7e-05   10.2   0.0   520   606   522   610   507   630 0.82 -
aioA                 -            837 MKOIJCKN_01850       -            807   2.4e-21   64.7   1.2   3   3   6.2e-11   2.3e-10   28.4   0.0   712   787   693   764   667   787 0.75 -
arsA                 -            346 MKOIJCKN_01929       -            333   8.8e-12   34.3   0.1   1   3   2.9e-11   3.1e-10   29.2   0.1    19    58    87   126    70   140 0.86 -
arsA                 -            346 MKOIJCKN_01929       -            333   8.8e-12   34.3   0.1   2   3    0.0066     0.073    1.7   0.0   126   154   180   208   162   220 0.85 -
arsA                 -            346 MKOIJCKN_01929       -            333   8.8e-12   34.3   0.1   3   3     0.085      0.94   -1.9   0.0   283   311   266   293   261   296 0.84 -
arsA                 -            346 MKOIJCKN_01964       -            262   1.6e-11   33.5   0.7   1   1   1.9e-11   2.1e-10   29.8   0.7    23   155    12   136     4   140 0.72 -
arxA                 -            831 MKOIJCKN_02049       -            833     2e-51  164.8   3.5   1   3   5.8e-33   2.1e-32  101.9   0.4     8   303    10   300     5   308 0.86 -
arxA                 -            831 MKOIJCKN_02049       -            833     2e-51  164.8   3.5   2   3   2.2e-13   8.1e-13   37.1   0.2   337   577   383   615   369   631 0.84 -
arxA                 -            831 MKOIJCKN_02049       -            833     2e-51  164.8   3.5   3   3   1.1e-09     4e-09   24.9   0.0   737   783   748   794   703   823 0.91 -
arrA                 -            846 MKOIJCKN_02049       -            833   3.4e-37  117.6   0.0   1   4   1.2e-23   4.5e-23   70.9   0.0     4   287    11   300     9   318 0.78 -
arrA                 -            846 MKOIJCKN_02049       -            833   3.4e-37  117.6   0.0   2   4   0.00096    0.0035    5.1   0.0   316   398   378   459   366   471 0.82 -
arrA                 -            846 MKOIJCKN_02049       -            833   3.4e-37  117.6   0.0   3   4    0.0057     0.021    2.5   0.0   470   523   520   572   507   628 0.75 -
arrA                 -            846 MKOIJCKN_02049       -            833   3.4e-37  117.6   0.0   4   4   2.1e-12   7.6e-12   33.7   0.0   704   819   714   825   698   832 0.71 -
aioA                 -            837 MKOIJCKN_02049       -            833   5.4e-17   50.3   0.1   1   3   1.8e-10   6.8e-10   26.8   0.0    99   312    96   299    76   314 0.81 -
aioA                 -            837 MKOIJCKN_02049       -            833   5.4e-17   50.3   0.1   2   3    0.0014    0.0051    4.1   0.0   504   586   525   611   431   647 0.76 -
aioA                 -            837 MKOIJCKN_02049       -            833   5.4e-17   50.3   0.1   3   3   3.9e-07   1.4e-06   15.8   0.0   727   788   735   796   678   824 0.82 -
arxA                 -            831 MKOIJCKN_02121       -            734   5.9e-68  219.5   1.1   1   3   2.8e-44     1e-43  139.3   0.3     9   314    13   294     6   298 0.89 -
arxA                 -            831 MKOIJCKN_02121       -            734   5.9e-68  219.5   1.1   2   3   4.4e-20   1.6e-19   59.3   0.0   339   568   296   520   292   531 0.78 -
arxA                 -            831 MKOIJCKN_02121       -            734   5.9e-68  219.5   1.1   3   3   2.8e-07     1e-06   16.9   0.0   697   786   604   689   547   700 0.77 -
arrA                 -            846 MKOIJCKN_02121       -            734   1.4e-52  168.5   0.0   1   3   5.3e-36     2e-35  111.8   0.0     4   298    13   294    10   297 0.90 -
arrA                 -            846 MKOIJCKN_02121       -            734   1.4e-52  168.5   0.0   2   3   6.1e-15   2.3e-14   42.1   0.0   323   547   296   507   292   540 0.78 -
arrA                 -            846 MKOIJCKN_02121       -            734   1.4e-52  168.5   0.0   3   3   1.5e-05   5.4e-05   11.1   0.0   749   788   643   682   635   731 0.89 -
aioA                 -            837 MKOIJCKN_02121       -            734     6e-21   63.4   0.3   1   3   5.7e-16   2.1e-15   45.0   0.3    10   318    13   288     6   308 0.83 -
aioA                 -            837 MKOIJCKN_02121       -            734     6e-21   63.4   0.3   2   3     0.013     0.046    0.9   0.0   515   548   448   481   427   486 0.83 -
aioA                 -            837 MKOIJCKN_02121       -            734     6e-21   63.4   0.3   3   3   2.6e-06   9.6e-06   13.1   0.0   742   790   642   690   626   693 0.91 -
arxA                 -            831 MKOIJCKN_02136       -            811   2.3e-54  174.6   7.1   1   1     4e-54   1.5e-53  171.9   7.1     5   828     6   808     1   811 0.75 -
arrA                 -            846 MKOIJCKN_02136       -            811   2.1e-39  124.9   3.7   1   2   5.6e-32     2e-31   98.5   1.7     3   543     9   552     7   620 0.71 -
arrA                 -            846 MKOIJCKN_02136       -            811   2.1e-39  124.9   3.7   2   2   1.6e-09   5.7e-09   24.2   0.0   745   823   718   790   704   808 0.85 -
aioA                 -            837 MKOIJCKN_02136       -            811   1.1e-17   52.5   0.7   1   2   3.7e-10   1.3e-09   25.8   0.2    99   441   103   421    98   531 0.72 -
aioA                 -            837 MKOIJCKN_02136       -            811   1.1e-17   52.5   0.7   2   2   1.7e-09   6.1e-09   23.6   0.0   742   803   721   780   676   790 0.90 -
arxA                 -            831 MKOIJCKN_02226       -            782   1.3e-41  132.4   2.5   1   2     1e-33   3.8e-33  104.4   0.2     8   318    13   325    10   392 0.81 -
arxA                 -            831 MKOIJCKN_02226       -            782   1.3e-41  132.4   2.5   2   2   5.4e-08     2e-07   19.3   0.2   475   573   465   562   449   740 0.83 -
arrA                 -            846 MKOIJCKN_02226       -            782   1.1e-25   79.5   0.0   1   4   1.5e-23   5.6e-23   70.6   0.0     4   301    14   324    12   334 0.73 -
arrA                 -            846 MKOIJCKN_02226       -            782   1.1e-25   79.5   0.0   2   4    0.0032     0.012    3.3   0.0   469   514   469   515   434   526 0.77 -
arrA                 -            846 MKOIJCKN_02226       -            782   1.1e-25   79.5   0.0   3   4     0.091      0.33   -1.5   0.0   642   660   617   635   609   640 0.86 -
arrA                 -            846 MKOIJCKN_02226       -            782   1.1e-25   79.5   0.0   4   4      0.03      0.11    0.1   0.0   746   772   693   719   685   736 0.87 -
aioA                 -            837 MKOIJCKN_02226       -            782   2.5e-21   64.6   0.3   1   4   6.8e-13   2.5e-12   34.9   0.0    54   167    60   175    13   198 0.71 -
aioA                 -            837 MKOIJCKN_02226       -            782   2.5e-21   64.6   0.3   2   4     0.053      0.19   -1.2   0.0   301   350   281   330   259   347 0.69 -
aioA                 -            837 MKOIJCKN_02226       -            782   2.5e-21   64.6   0.3   3   4   0.00013   0.00048    7.4   0.0   515   588   488   558   480   564 0.79 -
aioA                 -            837 MKOIJCKN_02226       -            782   2.5e-21   64.6   0.3   4   4   1.3e-07   4.8e-07   17.4   0.1   738   771   691   724   680   762 0.84 -
arxA                 -            831 MKOIJCKN_02231       -            779     2e-42  135.0   2.2   1   3   1.5e-34   5.6e-34  107.1   1.3    63   408    37   378    19   387 0.82 -
arxA                 -            831 MKOIJCKN_02231       -            779     2e-42  135.0   2.2   2   3    0.0068     0.025    2.4   0.0   501   527   470   496   443   505 0.86 -
arxA                 -            831 MKOIJCKN_02231       -            779     2e-42  135.0   2.2   3   3   1.1e-08   3.9e-08   21.6   0.0   646   816   599   763   584   778 0.67 -
arrA                 -            846 MKOIJCKN_02231       -            779   1.2e-30   96.0   0.2   1   3   2.5e-23   9.1e-23   69.9   0.2    75   394    64   379    28   389 0.82 -
arrA                 -            846 MKOIJCKN_02231       -            779   1.2e-30   96.0   0.2   2   3      0.18      0.68   -2.5   0.0   491   513   469   491   438   543 0.75 -
arrA                 -            846 MKOIJCKN_02231       -            779   1.2e-30   96.0   0.2   3   3   8.2e-09     3e-08   21.8   0.0   740   824   680   758   649   777 0.77 -
aioA                 -            837 MKOIJCKN_02231       -            779   1.5e-15   45.5   0.0   1   3   1.3e-10   4.9e-10   27.3   0.0    99   330    73   289    57   387 0.67 -
aioA                 -            837 MKOIJCKN_02231       -            779   1.5e-15   45.5   0.0   2   3    0.0018    0.0067    3.7   0.0   516   547   466   497   444   503 0.84 -
aioA                 -            837 MKOIJCKN_02231       -            779   1.5e-15   45.5   0.0   3   3   6.4e-05   0.00023    8.5   0.0   729   802   676   746   665   757 0.83 -
arxA                 -            831 MKOIJCKN_02286       -            728   1.3e-32  102.6   1.2   1   3   3.1e-20   1.1e-19   59.8   0.1    59   307     6   249     2   251 0.85 -
arxA                 -            831 MKOIJCKN_02286       -            728   1.3e-32  102.6   1.2   2   3     5e-10   1.8e-09   26.0   0.2   324   590   244   509   243   518 0.75 -
arxA                 -            831 MKOIJCKN_02286       -            728   1.3e-32  102.6   1.2   3   3   6.5e-07   2.4e-06   15.7   0.0   677   784   549   656   542   674 0.73 -
arrA                 -            846 MKOIJCKN_02286       -            728   9.3e-26   79.8   2.2   1   4   1.2e-15   4.4e-15   44.4   0.0    48   292     6   250     2   251 0.84 -
arrA                 -            846 MKOIJCKN_02286       -            728   9.3e-26   79.8   2.2   2   4   9.8e-11   3.6e-10   28.2   0.9   305   386   241   320   238   339 0.82 -
arrA                 -            846 MKOIJCKN_02286       -            728   9.3e-26   79.8   2.2   3   4       0.1      0.37   -1.6   0.0   476   514   410   448   394   467 0.84 -
arrA                 -            846 MKOIJCKN_02286       -            728   9.3e-26   79.8   2.2   4   4   0.00011   0.00041    8.1   0.0   746   792   609   655   602   669 0.90 -
aioA                 -            837 MKOIJCKN_02286       -            728   5.3e-23   70.2   0.1   1   3   3.3e-14   1.2e-13   39.2   0.1    91   380    33   287     6   294 0.78 -
aioA                 -            837 MKOIJCKN_02286       -            728   5.3e-23   70.2   0.1   2   3     0.013     0.047    0.8   0.0   521   586   427   492   414   505 0.83 -
aioA                 -            837 MKOIJCKN_02286       -            728   5.3e-23   70.2   0.1   3   3   8.8e-09   3.2e-08   21.2   0.0   664   805   536   674   515   692 0.79 -
arxA                 -            831 MKOIJCKN_02336       -            903     2e-44  141.6   0.1   1   2   7.6e-40   2.8e-39  124.7   0.1     5   303     3   300     1   307 0.82 -
arxA                 -            831 MKOIJCKN_02336       -            903     2e-44  141.6   0.1   2   2   2.2e-06   7.9e-06   14.0   0.0   441   779   479   815   428   824 0.76 -
arrA                 -            846 MKOIJCKN_02336       -            903   2.1e-33  105.0   0.4   1   2   4.1e-29   1.5e-28   89.0   0.1     3   286     6   299     4   305 0.80 -
arrA                 -            846 MKOIJCKN_02336       -            903   2.1e-33  105.0   0.4   2   2   2.1e-05   7.7e-05   10.5   0.0   451   788   497   815   492   847 0.72 -
aioA                 -            837 MKOIJCKN_02336       -            903   7.2e-20   59.8   0.5   1   3   2.6e-14   9.7e-14   39.5   0.1    58   194    47   174    21   183 0.83 -
aioA                 -            837 MKOIJCKN_02336       -            903   7.2e-20   59.8   0.5   2   3    0.0016    0.0058    3.9   0.0   520   553   538   572   527   619 0.83 -
aioA                 -            837 MKOIJCKN_02336       -            903   7.2e-20   59.8   0.5   3   3   3.1e-06   1.1e-05   12.8   0.0   729   780   762   813   746   817 0.89 -
arxA                 -            831 MKOIJCKN_02371       -            712   2.8e-31   98.2  17.5   1   4   6.8e-27   2.5e-26   81.8   6.9    17   294     3   257     1   264 0.80 -
arxA                 -            831 MKOIJCKN_02371       -            712   2.8e-31   98.2  17.5   2   4     1e-07   3.7e-07   18.4   0.7   328   377   268   315   258   365 0.75 -
arxA                 -            831 MKOIJCKN_02371       -            712   2.8e-31   98.2  17.5   3   4     0.023     0.083    0.7   0.0   484   554   412   482   402   515 0.82 -
arxA                 -            831 MKOIJCKN_02371       -            712   2.8e-31   98.2  17.5   4   4     0.012     0.043    1.6   0.0   685   784   566   665   539   671 0.73 -
arrA                 -            846 MKOIJCKN_02371       -            712   2.1e-23   72.0   7.3   1   2   1.2e-17   4.5e-17   51.0   1.6    11   278     3   257     1   262 0.84 -
arrA                 -            846 MKOIJCKN_02371       -            712   2.1e-23   72.0   7.3   2   2   1.5e-09   5.6e-09   24.2   0.4   313   360   269   315   256   360 0.77 -
aioA                 -            837 MKOIJCKN_02371       -            712   3.3e-12   34.5   4.6   1   3   2.3e-11   8.4e-11   29.8   1.0    53   239    28   199     8   205 0.81 -
aioA                 -            837 MKOIJCKN_02371       -            712   3.3e-12   34.5   4.6   2   3     0.063      0.23   -1.4   0.0   319   372   250   299   214   312 0.74 -
aioA                 -            837 MKOIJCKN_02371       -            712   3.3e-12   34.5   4.6   3   3   0.00081     0.003    4.8   0.0   730   788   608   666   563   670 0.75 -
arxA                 -            831 MKOIJCKN_02401       -            902   2.2e-32  101.8   0.5   1   3   5.8e-20   2.1e-19   58.9   0.7    49   314   217   473   189   478 0.81 -
arxA                 -            831 MKOIJCKN_02401       -            902   2.2e-32  101.8   0.5   2   3   9.5e-08   3.5e-07   18.5   0.0   344   532   480   671   473   720 0.76 -
arxA                 -            831 MKOIJCKN_02401       -            902   2.2e-32  101.8   0.5   3   3   2.3e-08   8.6e-08   20.5   0.0   733   783   818   868   772   881 0.84 -
aioA                 -            837 MKOIJCKN_02401       -            902   3.4e-27   84.0   0.7   1   2   5.8e-16   2.1e-15   45.0   0.5    71   586   237   705   195   715 0.76 -
aioA                 -            837 MKOIJCKN_02401       -            902   3.4e-27   84.0   0.7   2   2   3.3e-11   1.2e-10   29.3   0.0   737   800   819   882   786   897 0.84 -
arrA                 -            846 MKOIJCKN_02401       -            902   1.7e-21   65.7   0.1   1   4   1.2e-15   4.3e-15   44.5   0.0    29   299   207   474   191   482 0.80 -
arrA                 -            846 MKOIJCKN_02401       -            902   1.7e-21   65.7   0.1   2   4    0.0053     0.019    2.6   0.0   309   381   462   532   461   547 0.77 -
arrA                 -            846 MKOIJCKN_02401       -            902   1.7e-21   65.7   0.1   3   4      0.34       1.2   -3.4   0.0   485   520   633   667   625   681 0.76 -
arrA                 -            846 MKOIJCKN_02401       -            902   1.7e-21   65.7   0.1   4   4   3.3e-07   1.2e-06   16.5   0.0   738   786   817   862   772   876 0.75 -
arxA                 -            831 MKOIJCKN_02402       -           1075   1.7e-22   69.1   5.5   1   3   3.4e-22   1.2e-21   66.3   0.1     7   309     2   308     1   315 0.79 -
arxA                 -            831 MKOIJCKN_02402       -           1075   1.7e-22   69.1   5.5   2   3      0.82         3   -4.5   0.6    16   409   425   470   411   481 0.54 -
arxA                 -            831 MKOIJCKN_02402       -           1075   1.7e-22   69.1   5.5   3   3    0.0029      0.01    3.7   0.0   735   768   964   997   950  1038 0.84 -
aioA                 -            837 MKOIJCKN_02402       -           1075   1.4e-18   55.5   0.0   1   3   4.6e-11   1.7e-10   28.8   0.0    20   156     8   146     1   157 0.75 -
aioA                 -            837 MKOIJCKN_02402       -           1075   1.4e-18   55.5   0.0   2   3   7.8e-05   0.00029    8.2   0.0   278   323   258   295   237   310 0.76 -
aioA                 -            837 MKOIJCKN_02402       -           1075   1.4e-18   55.5   0.0   3   3   9.4e-07   3.4e-06   14.5   0.0   727   779   953  1005   937  1030 0.83 -
arrA                 -            846 MKOIJCKN_02402       -           1075   7.1e-11   30.5   1.6   1   3   4.5e-08   1.6e-07   19.4   0.0     1   141     1   144     1   159 0.78 -
arrA                 -            846 MKOIJCKN_02402       -           1075   7.1e-11   30.5   1.6   2   3   3.1e-05   0.00012   10.0   0.0   226   293   243   308   220   314 0.80 -
arrA                 -            846 MKOIJCKN_02402       -           1075   7.1e-11   30.5   1.6   3   3      0.61       2.2   -4.2   0.4   334   396   407   472   403   476 0.79 -
arxA                 -            831 MKOIJCKN_02446       -            807   5.5e-42  133.6   5.6   1   5   6.6e-21   2.4e-20   62.0   0.3     6   152     7   147     4   164 0.76 -
arxA                 -            831 MKOIJCKN_02446       -            807   5.5e-42  133.6   5.6   2   5   6.6e-12   2.4e-11   32.2   0.1   240   303   225   290   196   294 0.87 -
arxA                 -            831 MKOIJCKN_02446       -            807   5.5e-42  133.6   5.6   3   5   1.6e-06   5.9e-06   14.4   0.0   343   408   376   443   360   468 0.84 -
arxA                 -            831 MKOIJCKN_02446       -            807   5.5e-42  133.6   5.6   4   5     2e-05   7.2e-05   10.8   0.0   486   562   503   576   473   597 0.79 -
arxA                 -            831 MKOIJCKN_02446       -            807   5.5e-42  133.6   5.6   5   5   6.8e-06   2.5e-05   12.3   0.0   737   781   716   760   697   772 0.90 -
arrA                 -            846 MKOIJCKN_02446       -            807   5.7e-35  110.2   0.1   1   4   2.8e-24     1e-23   73.0   0.0     3   286     9   289     7   292 0.81 -
arrA                 -            846 MKOIJCKN_02446       -            807   5.7e-35  110.2   0.1   2   4   2.8e-06     1e-05   13.5   0.0   325   387   374   436   356   470 0.69 -
arrA                 -            846 MKOIJCKN_02446       -            807   5.7e-35  110.2   0.1   3   4   8.1e-05    0.0003    8.6   0.0   463   559   487   581   476   609 0.79 -
arrA                 -            846 MKOIJCKN_02446       -            807   5.7e-35  110.2   0.1   4   4   3.7e-05   0.00014    9.7   0.0   702   788   681   758   661   786 0.83 -
aioA                 -            837 MKOIJCKN_02446       -            807   2.7e-19   57.9   0.5   1   4   1.5e-08   5.4e-08   20.5   0.0    10   163    10   156     1   163 0.73 -
aioA                 -            837 MKOIJCKN_02446       -            807   2.7e-19   57.9   0.5   2   4   0.00013   0.00046    7.5   0.0   295   332   255   292   200   315 0.84 -
aioA                 -            837 MKOIJCKN_02446       -            807   2.7e-19   57.9   0.5   3   4      0.02     0.075    0.2   0.0   518   548   515   544   458   557 0.71 -
aioA                 -            837 MKOIJCKN_02446       -            807   2.7e-19   57.9   0.5   4   4   9.4e-10   3.4e-09   24.5   0.0   723   785   700   761   667   780 0.81 -
arxA                 -            831 MKOIJCKN_02480       -            847   2.6e-46  147.9   8.1   1   3   3.2e-25   1.2e-24   76.3   0.3     8   303    11   303     6   336 0.76 -
arxA                 -            831 MKOIJCKN_02480       -            847   2.6e-46  147.9   8.1   2   3   4.2e-11   1.6e-10   29.6   0.3   321   415   384   478   376   486 0.87 -
arxA                 -            831 MKOIJCKN_02480       -            847   2.6e-46  147.9   8.1   3   3   1.5e-13   5.7e-13   37.6   0.1   487   792   537   814   511   839 0.75 -
arrA                 -            846 MKOIJCKN_02480       -            847   2.5e-36  114.7   3.4   1   4   1.2e-20   4.3e-20   61.0   0.1     3   282    11   298     9   316 0.76 -
arrA                 -            846 MKOIJCKN_02480       -            847   2.5e-36  114.7   3.4   2   4   1.1e-06     4e-06   14.8   0.2   322   393   403   471   381   487 0.69 -
arrA                 -            846 MKOIJCKN_02480       -            847   2.5e-36  114.7   3.4   3   4     2e-05   7.4e-05   10.6   0.0   479   586   539   646   526   687 0.74 -
arrA                 -            846 MKOIJCKN_02480       -            847   2.5e-36  114.7   3.4   4   4   4.9e-10   1.8e-09   25.9   0.0   743   804   754   817   706   841 0.87 -
aioA                 -            837 MKOIJCKN_02480       -            847   1.1e-25   79.0   2.5   1   3   3.6e-10   1.3e-09   25.8   0.2    11   180    13   187     9   203 0.66 -
aioA                 -            837 MKOIJCKN_02480       -            847   1.1e-25   79.0   2.5   2   3   0.00046    0.0017    5.6   0.0   284   335   257   329   224   481 0.69 -
aioA                 -            837 MKOIJCKN_02480       -            847   1.1e-25   79.0   2.5   3   3   4.4e-15   1.6e-14   42.1   0.3   528   791   560   808   552   822 0.82 -
#
# Program:         hmmscan
# Version:         3.3.2 (Nov 2020)
# Pipeline mode:   SCAN
# Query file:      Enterorhabdus_caecimuris_21839/prokka/Enterorhabdus_caecimuris_21839.faa
# Target file:     /Volumes/Gabri_Bio/Arsenic_project/ars/genes.hmm
# Option settings: hmmscan -o hmmscanned_prokka/Enterorhabdus_caecimuris_21839_anvio.stdout.txt --domtblout hmmscanned_prokka/Enterorhabdus_caecimuris_21839_anvio.tbl.txt -E 0.0000000001 --cpu 4 /Volumes/Gabri_Bio/Arsenic_project/ars/genes.hmm Enterorhabdus_caecimuris_21839/prokka/Enterorhabdus_caecimuris_21839.faa 
# Current dir:     /Volumes/Gabri_Bio/Arsenic_project/Genomes/Genomes_from_NCBI
# Date:            Sun Jan  9 23:09:10 2022
# [ok]
