#                                                                            --- full sequence --- -------------- this domain -------------   hmm coord   ali coord   env coord
# target name        accession   tlen query name           accession   qlen   E-value  score  bias   #  of  c-Evalue  i-Evalue  score  bias  from    to  from    to  from    to  acc description of target
#------------------- ---------- ----- -------------------- ---------- ----- --------- ------ ----- --- --- --------- --------- ------ ----- ----- ----- ----- ----- ----- ----- ---- ---------------------
arsA                 -            346 JEHMLLKN_00095       -            333   2.8e-11   32.7   0.0   1   3   6.6e-11   7.3e-10   28.0   0.1    19    59    87   127    70   139 0.85 -
arsA                 -            346 JEHMLLKN_00095       -            333   2.8e-11   32.7   0.0   2   3     0.019       0.2    0.2   0.0   127   154   181   208   165   219 0.83 -
arsA                 -            346 JEHMLLKN_00095       -            333   2.8e-11   32.7   0.0   3   3      0.03      0.33   -0.5   0.0   282   311   265   293   257   297 0.89 -
arsA                 -            346 JEHMLLKN_00164       -            261   6.8e-12   34.7   0.2   1   2   9.3e-11     1e-09   27.5   0.2    23    60    12    49     4    69 0.90 -
arsA                 -            346 JEHMLLKN_00164       -            261   6.8e-12   34.7   0.2   2   2   0.00057    0.0063    5.2   0.0   142   155   122   135    74   139 0.78 -
arsM                 -            269 JEHMLLKN_00188       -            220     4e-17   52.1   0.1   1   1   7.7e-18   8.4e-17   51.1   0.1    83   194    34   154     5   167 0.84 -
arsC                 -            123 JEHMLLKN_00201       -            121     9e-28   86.5   0.0   1   1   1.9e-28     1e-27   86.3   0.0     6   118     7   120     3   121 0.97 -
arsC_glut            -            117 JEHMLLKN_00201       -            121   8.9e-15   44.7   0.0   1   1   1.7e-15   9.5e-15   44.6   0.0     7   116     8   119     2   120 0.91 -
arxA                 -            831 JEHMLLKN_00205       -            800   3.6e-35  111.0   0.7   1   5   7.8e-20   2.9e-19   58.4   0.1     7   153     9   145     6   166 0.83 -
arxA                 -            831 JEHMLLKN_00205       -            800   3.6e-35  111.0   0.7   2   5   6.4e-09   2.3e-08   22.3   0.0   243   303   227   289   201   294 0.87 -
arxA                 -            831 JEHMLLKN_00205       -            800   3.6e-35  111.0   0.7   3   5       0.2      0.74   -2.5   0.0   343   369   374   400   366   436 0.80 -
arxA                 -            831 JEHMLLKN_00205       -            800   3.6e-35  111.0   0.7   4   5   0.00033    0.0012    6.8   0.0   488   562   494   571   480   601 0.74 -
arxA                 -            831 JEHMLLKN_00205       -            800   3.6e-35  111.0   0.7   5   5   1.4e-07   5.1e-07   17.9   0.0   735   779   705   749   672   775 0.87 -
arrA                 -            846 JEHMLLKN_00205       -            800   5.7e-28   87.1   0.1   1   5   2.6e-14   9.4e-14   40.0   0.0     3   139    10   142     8   160 0.89 -
arrA                 -            846 JEHMLLKN_00205       -            800   5.7e-28   87.1   0.1   2   5   2.1e-08   7.8e-08   20.5   0.0   220   287   217   289   193   293 0.79 -
arrA                 -            846 JEHMLLKN_00205       -            800   5.7e-28   87.1   0.1   3   5      0.17      0.62   -2.4   0.0   324   355   371   401   367   438 0.84 -
arrA                 -            846 JEHMLLKN_00205       -            800   5.7e-28   87.1   0.1   4   5    0.0024    0.0089    3.7   0.0   480   550   496   568   487   579 0.76 -
arrA                 -            846 JEHMLLKN_00205       -            800   5.7e-28   87.1   0.1   5   5   2.9e-07   1.1e-06   16.7   0.0   705   786   675   747   657   759 0.84 -
aioA                 -            837 JEHMLLKN_00205       -            800   1.1e-21   65.7   0.8   1   5   3.4e-08   1.3e-07   19.3   0.0    62   162    57   152    12   158 0.81 -
aioA                 -            837 JEHMLLKN_00205       -            800   1.1e-21   65.7   0.8   2   5       0.1      0.37   -2.1   0.0   301   332   260   291   252   310 0.87 -
aioA                 -            837 JEHMLLKN_00205       -            800   1.1e-21   65.7   0.8   3   5      0.12      0.44   -2.4   0.1   417   438   430   451   410   454 0.80 -
aioA                 -            837 JEHMLLKN_00205       -            800   1.1e-21   65.7   0.8   4   5      0.19      0.71   -3.1   0.0   520   547   511   538   509   592 0.85 -
aioA                 -            837 JEHMLLKN_00205       -            800   1.1e-21   65.7   0.8   5   5     3e-15   1.1e-14   42.7   0.0   688   802   657   770   648   779 0.85 -
arxA                 -            831 JEHMLLKN_00291       -            810   2.6e-57  184.3   2.0   1   2   4.8e-39   1.8e-38  122.0   0.3     6   403     7   404     3   412 0.80 -
arxA                 -            831 JEHMLLKN_00291       -            810   2.6e-57  184.3   2.0   2   2   2.7e-20   9.8e-20   60.0   0.1   500   809   499   788   467   803 0.80 -
arrA                 -            846 JEHMLLKN_00291       -            810   3.5e-37  117.6   0.2   1   3   8.2e-29     3e-28   88.0   0.0     3   390     9   406     7   418 0.76 -
arrA                 -            846 JEHMLLKN_00291       -            810   3.5e-37  117.6   0.2   2   3     0.024     0.089    0.4   0.0   604   659   588   653   573   672 0.70 -
arrA                 -            846 JEHMLLKN_00291       -            810   3.5e-37  117.6   0.2   3   3   9.4e-10   3.4e-09   24.9   0.0   739   800   711   770   692   802 0.83 -
aioA                 -            837 JEHMLLKN_00291       -            810   6.9e-18   53.2   0.1   1   4   9.4e-07   3.4e-06   14.5   0.0    99   160   101   160    95   177 0.81 -
aioA                 -            837 JEHMLLKN_00291       -            810   6.9e-18   53.2   0.1   2   4   7.4e-05   0.00027    8.3   0.0   301   380   278   370   252   425 0.68 -
aioA                 -            837 JEHMLLKN_00291       -            810   6.9e-18   53.2   0.1   3   4     0.007     0.026    1.7   0.0   520   552   501   533   463   545 0.82 -
aioA                 -            837 JEHMLLKN_00291       -            810   6.9e-18   53.2   0.1   4   4   2.5e-09   9.3e-09   23.0   0.1   742   802   720   778   702   789 0.85 -
arxA                 -            831 JEHMLLKN_00349       -            899   1.1e-38  122.6   4.6   1   3   7.9e-27   2.9e-26   81.6   2.9     7   403    13   418    10   443 0.74 -
arxA                 -            831 JEHMLLKN_00349       -            899   1.1e-38  122.6   4.6   2   3   1.5e-09   5.6e-09   24.4   0.0   494   571   516   591   485   619 0.85 -
arxA                 -            831 JEHMLLKN_00349       -            899   1.1e-38  122.6   4.6   3   3   1.3e-06   4.9e-06   14.7   0.0   737   831   792   882   704   882 0.81 -
arrA                 -            846 JEHMLLKN_00349       -            899   6.2e-27   83.6   0.2   1   3   7.6e-21   2.8e-20   61.6   0.0     3   279    14   311    12   437 0.80 -
arrA                 -            846 JEHMLLKN_00349       -            899   6.2e-27   83.6   0.2   2   3   0.00015   0.00056    7.7   0.0   485   556   517   581   506   604 0.77 -
arrA                 -            846 JEHMLLKN_00349       -            899   6.2e-27   83.6   0.2   3   3   1.8e-05   6.4e-05   10.8   0.1   748   846   794   882   778   882 0.80 -
aioA                 -            837 JEHMLLKN_00349       -            899   8.9e-13   36.3   0.2   1   3   4.1e-11   1.5e-10   29.0   0.2    96   182   104   207    12   322 0.80 -
aioA                 -            837 JEHMLLKN_00349       -            899   8.9e-13   36.3   0.2   2   3     0.003     0.011    3.0   0.0   521   588   525   589   512   605 0.78 -
aioA                 -            837 JEHMLLKN_00349       -            899   8.9e-13   36.3   0.2   3   3     0.023     0.083    0.0   0.0   742   777   794   829   781   843 0.80 -
arsM                 -            269 JEHMLLKN_00423       -            200   5.3e-11   32.1   0.0   1   1   6.7e-12   7.4e-11   31.6   0.0    83   186    45   143    28   159 0.89 -
arxA                 -            831 JEHMLLKN_00649       -            881   6.5e-36  113.5  10.7   1   2     1e-25   3.7e-25   77.9   6.0     7   401    13   410     7   434 0.69 -
arxA                 -            831 JEHMLLKN_00649       -            881   6.5e-36  113.5  10.7   2   2   5.4e-12     2e-11   32.5   0.1   495   820   518   853   505   861 0.65 -
arrA                 -            846 JEHMLLKN_00649       -            881   9.1e-29   89.7   2.5   1   3   1.3e-27   4.6e-27   84.1   0.2     3   389    14   413    12   435 0.74 -
arrA                 -            846 JEHMLLKN_00649       -            881   9.1e-29   89.7   2.5   2   3      0.29       1.1   -3.1   0.0   488   522   521   554   514   591 0.70 -
arrA                 -            846 JEHMLLKN_00649       -            881   9.1e-29   89.7   2.5   3   3    0.0012    0.0043    4.8   0.1   740   830   768   850   756   859 0.76 -
aioA                 -            837 JEHMLLKN_00649       -            881     5e-13   37.2   0.5   1   3   6.5e-10   2.4e-09   25.0   0.4     6   162    10   181     5   187 0.70 -
aioA                 -            837 JEHMLLKN_00649       -            881     5e-13   37.2   0.5   2   3     0.023     0.083    0.0   0.0   214   304   221   305   217   342 0.73 -
aioA                 -            837 JEHMLLKN_00649       -            881     5e-13   37.2   0.5   3   3   0.00013   0.00048    7.4   0.0   742   781   776   815   764   834 0.82 -
arxA                 -            831 JEHMLLKN_00686       -            873   5.2e-36  113.8  10.9   1   3   6.9e-20   2.5e-19   58.6   0.3     7   148    11   165     8   175 0.78 -
arxA                 -            831 JEHMLLKN_00686       -            873   5.2e-36  113.8  10.9   2   3   7.2e-14   2.6e-13   38.7   3.0   215   572   227   582   217   699 0.77 -
arxA                 -            831 JEHMLLKN_00686       -            873   5.2e-36  113.8  10.9   3   3   2.9e-07   1.1e-06   16.9   0.0   739   811   766   835   745   853 0.80 -
arrA                 -            846 JEHMLLKN_00686       -            873   2.8e-29   91.4   0.2   1   2   1.1e-22   3.9e-22   67.8   0.1     2   562    11   580    10   588 0.72 -
arrA                 -            846 JEHMLLKN_00686       -            873   2.8e-29   91.4   0.2   2   2   9.7e-08   3.6e-07   18.3   0.0   740   794   758   812   721   847 0.74 -
aioA                 -            837 JEHMLLKN_00686       -            873   4.6e-13   37.3   0.1   1   3   1.6e-06   5.8e-06   13.8   0.0    98   160   103   175    95   181 0.79 -
aioA                 -            837 JEHMLLKN_00686       -            873   4.6e-13   37.3   0.1   2   3    0.0012    0.0043    4.3   0.0   511   548   502   540   464   579 0.74 -
aioA                 -            837 JEHMLLKN_00686       -            873   4.6e-13   37.3   0.1   3   3   8.6e-07   3.2e-06   14.7   0.0   742   786   766   810   752   829 0.88 -
arxA                 -            831 JEHMLLKN_01091       -            846   8.7e-49  156.1   2.9   1   3   4.9e-40   1.8e-39  125.3   3.9     7   403     2   398     1   417 0.76 -
arxA                 -            831 JEHMLLKN_01091       -            846   8.7e-49  156.1   2.9   2   3     7e-07   2.6e-06   15.6   0.0   497   571   505   575   477   589 0.92 -
arxA                 -            831 JEHMLLKN_01091       -            846   8.7e-49  156.1   2.9   3   3   2.4e-05   8.9e-05   10.5   0.0   735   776   760   801   747   810 0.87 -
arrA                 -            846 JEHMLLKN_01091       -            846   7.9e-34  106.5   0.4   1   3   2.9e-28     1e-27   86.2   0.4     1   386     1   396     1   410 0.79 -
arrA                 -            846 JEHMLLKN_01091       -            846   7.9e-34  106.5   0.4   2   3     0.022     0.082    0.5   0.0   501   585   518   600   493   637 0.69 -
arrA                 -            846 JEHMLLKN_01091       -            846   7.9e-34  106.5   0.4   3   3     6e-07   2.2e-06   15.7   0.0   743   785   759   801   749   809 0.84 -
aioA                 -            837 JEHMLLKN_01091       -            846   3.4e-33  103.9   0.0   1   3   9.2e-17   3.4e-16   47.7   0.5    62   318    48   294     4   410 0.74 -
aioA                 -            837 JEHMLLKN_01091       -            846   3.4e-33  103.9   0.0   2   3   3.4e-09   1.2e-08   22.6   0.0   518   584   507   573   499   605 0.89 -
aioA                 -            837 JEHMLLKN_01091       -            846   3.4e-33  103.9   0.0   3   3     3e-11   1.1e-10   29.4   0.0   686   774   712   796   684   812 0.85 -
arxA                 -            831 JEHMLLKN_01207       -            902   3.5e-33  104.5   0.6   1   3   1.5e-20   5.6e-20   60.8   1.0    23   314   191   473   187   476 0.82 -
arxA                 -            831 JEHMLLKN_01207       -            902   3.5e-33  104.5   0.6   2   3   3.8e-09   1.4e-08   23.1   0.0   321   531   458   670   457   708 0.75 -
arxA                 -            831 JEHMLLKN_01207       -            902   3.5e-33  104.5   0.6   3   3   2.5e-08     9e-08   20.4   0.0   733   783   818   868   769   881 0.82 -
aioA                 -            837 JEHMLLKN_01207       -            902   2.5e-26   81.2   0.3   1   3   4.1e-10   1.5e-09   25.6   0.2    87   377   249   501   193   555 0.69 -
aioA                 -            837 JEHMLLKN_01207       -            902   2.5e-26   81.2   0.3   2   3     2e-06   7.4e-06   13.4   0.0   520   586   640   705   626   708 0.87 -
aioA                 -            837 JEHMLLKN_01207       -            902   2.5e-26   81.2   0.3   3   3   5.4e-13     2e-12   35.2   0.0   682   810   768   893   751   902 0.77 -
arrA                 -            846 JEHMLLKN_01207       -            902   6.7e-21   63.7   0.0   1   4   4.3e-14   1.6e-13   39.3   0.0    30   298   208   473   189   475 0.79 -
arrA                 -            846 JEHMLLKN_01207       -            902   6.7e-21   63.7   0.0   2   4   3.6e-05   0.00013    9.8   0.0   305   382   458   533   456   550 0.81 -
arrA                 -            846 JEHMLLKN_01207       -            902   6.7e-21   63.7   0.0   3   4       0.4       1.5   -3.6   0.0   485   515   633   663   625   679 0.76 -
arrA                 -            846 JEHMLLKN_01207       -            902   6.7e-21   63.7   0.0   4   4     1e-06   3.8e-06   14.9   0.0   739   786   818   862   770   876 0.75 -
arxA                 -            831 JEHMLLKN_01208       -           1134   1.3e-22   69.5   3.2   1   4     1e-17   3.8e-17   51.4   0.1     7   153     2   153     1   162 0.85 -
arxA                 -            831 JEHMLLKN_01208       -           1134   1.3e-22   69.5   3.2   2   4   1.8e-06   6.5e-06   14.3   0.1   252   317   259   324   234   330 0.89 -
arxA                 -            831 JEHMLLKN_01208       -           1134   1.3e-22   69.5   3.2   3   4      0.23      0.86   -2.7   0.0   451   491   798   838   797   845 0.85 -
arxA                 -            831 JEHMLLKN_01208       -           1134   1.3e-22   69.5   3.2   4   4     0.008     0.029    2.2   0.0   735   767  1028  1060  1003  1072 0.85 -
aioA                 -            837 JEHMLLKN_01208       -           1134   3.4e-14   41.0   0.1   1   3   4.4e-09   1.6e-08   22.2   0.0    64   156    56   154    38   241 0.86 -
aioA                 -            837 JEHMLLKN_01208       -           1134   3.4e-14   41.0   0.1   2   3   0.00022   0.00079    6.7   0.0   295   324   275   304   257   323 0.80 -
aioA                 -            837 JEHMLLKN_01208       -           1134   3.4e-14   41.0   0.1   3   3   7.8e-05   0.00029    8.2   0.0   709   774  1003  1064   905  1098 0.69 -
arrA                 -            846 JEHMLLKN_01208       -           1134   2.2e-12   35.5   0.0   1   2   8.2e-08     3e-07   18.5   0.0     1   140     1   151     1   158 0.77 -
arrA                 -            846 JEHMLLKN_01208       -           1134   2.2e-12   35.5   0.0   2   2   1.4e-06   5.2e-06   14.4   0.0   206   300   231   323   225   328 0.80 -
arxA                 -            831 JEHMLLKN_01379       -            818   3.7e-42  134.2   1.2   1   2   4.6e-15   1.7e-14   42.7   0.1     8   148    11   158     6   175 0.75 -
arxA                 -            831 JEHMLLKN_01379       -            818   3.7e-42  134.2   1.2   2   2   4.6e-28   1.7e-27   85.7   0.1   248   826   254   813   224   818 0.75 -
arrA                 -            846 JEHMLLKN_01379       -            818   8.3e-33  103.1   0.5   1   3   6.6e-23   2.4e-22   68.4   0.1     3   388    11   407    10   431 0.70 -
arrA                 -            846 JEHMLLKN_01379       -            818   8.3e-33  103.1   0.5   2   3     0.001    0.0037    5.0   0.0   451   550   460   570   444   634 0.73 -
arrA                 -            846 JEHMLLKN_01379       -            818   8.3e-33  103.1   0.5   3   3   6.7e-10   2.5e-09   25.4   0.0   731   827   711   801   703   816 0.79 -
aioA                 -            837 JEHMLLKN_01379       -            818   8.2e-16   46.4   0.5   1   2   9.5e-08   3.5e-07   17.8   0.1    98   307   108   304   101   325 0.63 -
aioA                 -            837 JEHMLLKN_01379       -            818   8.2e-16   46.4   0.5   2   2   2.5e-09   9.2e-09   23.0   0.0   515   794   501   778   494   792 0.78 -
arxA                 -            831 JEHMLLKN_01386       -            778   1.1e-47  152.5   0.2   1   4   1.2e-35   4.3e-35  110.8   0.0    54   320    11   270     7   277 0.88 -
arxA                 -            831 JEHMLLKN_01386       -            778   1.1e-47  152.5   0.2   2   4   3.5e-10   1.3e-09   26.5   0.0   339   571   333   554   320   568 0.78 -
arxA                 -            831 JEHMLLKN_01386       -            778   1.1e-47  152.5   0.2   3   4     0.027     0.099    0.4   0.0   628   663   578   615   559   629 0.83 -
arxA                 -            831 JEHMLLKN_01386       -            778   1.1e-47  152.5   0.2   4   4   0.00011   0.00039    8.4   0.0   741   788   683   728   676   746 0.89 -
arrA                 -            846 JEHMLLKN_01386       -            778   2.1e-29   91.8   0.0   1   3   4.5e-22   1.6e-21   65.7   0.0    42   303    10   269     5   278 0.84 -
arrA                 -            846 JEHMLLKN_01386       -            778   2.1e-29   91.8   0.0   2   3   9.8e-05   0.00036    8.3   0.0   322   515   332   510   319   544 0.59 -
arrA                 -            846 JEHMLLKN_01386       -            778   2.1e-29   91.8   0.0   3   3   7.1e-05   0.00026    8.8   0.0   753   789   686   722   676   736 0.84 -
aioA                 -            837 JEHMLLKN_01386       -            778     4e-12   34.2   0.0   1   3   8.6e-12   3.2e-11   31.2   0.0    59   169    13   120     8   259 0.84 -
aioA                 -            837 JEHMLLKN_01386       -            778     4e-12   34.2   0.0   2   3     0.055       0.2   -1.2   0.0   523   548   490   515   485   521 0.86 -
aioA                 -            837 JEHMLLKN_01386       -            778     4e-12   34.2   0.0   3   3     0.094      0.35   -2.0   0.0   747   791   686   730   679   732 0.91 -
arxA                 -            831 JEHMLLKN_01449       -            835   3.5e-37  117.7   8.8   1   4     3e-17   1.1e-16   49.9   0.3     5   184     5   179     1   186 0.76 -
arxA                 -            831 JEHMLLKN_01449       -            835   3.5e-37  117.7   8.8   2   4     8e-12   2.9e-11   31.9   0.6   216   303   236   320   230   325 0.84 -
arxA                 -            831 JEHMLLKN_01449       -            835   3.5e-37  117.7   8.8   3   4   1.7e-06   6.2e-06   14.3   0.1   344   570   401   614   389   638 0.73 -
arxA                 -            831 JEHMLLKN_01449       -            835   3.5e-37  117.7   8.8   4   4   3.5e-09   1.3e-08   23.2   0.0   736   784   749   797   737   820 0.92 -
arrA                 -            846 JEHMLLKN_01449       -            835   5.2e-25   77.3   3.7   1   5   9.7e-09   3.6e-08   21.6   0.0     2   172     7   179     6   183 0.71 -
arrA                 -            846 JEHMLLKN_01449       -            835   5.2e-25   77.3   3.7   2   5   8.1e-14     3e-13   38.4   0.6   203   286   236   319   232   324 0.90 -
arrA                 -            846 JEHMLLKN_01449       -            835   5.2e-25   77.3   3.7   3   5     0.021     0.078    0.6   0.0   327   362   400   434   389   484 0.70 -
arrA                 -            846 JEHMLLKN_01449       -            835   5.2e-25   77.3   3.7   4   5    0.0046     0.017    2.8   0.0   481   515   542   576   495   614 0.87 -
arrA                 -            846 JEHMLLKN_01449       -            835   5.2e-25   77.3   3.7   5   5   4.2e-05   0.00015    9.6   0.0   699   791   708   795   694   833 0.76 -
aioA                 -            837 JEHMLLKN_01449       -            835   1.1e-14   42.7   0.1   1   4   9.3e-06   3.4e-05   11.2   0.0    99   157    96   152    65   195 0.80 -
aioA                 -            837 JEHMLLKN_01449       -            835   1.1e-14   42.7   0.1   2   4   5.2e-05   0.00019    8.8   0.1   220   305   233   312   229   322 0.90 -
aioA                 -            837 JEHMLLKN_01449       -            835   1.1e-14   42.7   0.1   3   4     0.038      0.14   -0.7   0.0   520   586   553   615   547   627 0.79 -
aioA                 -            837 JEHMLLKN_01449       -            835   1.1e-14   42.7   0.1   4   4   1.6e-07   5.8e-07   17.1   0.0   738   789   748   799   741   806 0.92 -
arxA                 -            831 JEHMLLKN_01556       -            888   9.9e-33  103.0  11.5   1   2   1.2e-22   4.5e-22   67.7   7.4     7   379    12   399     7   429 0.71 -
arxA                 -            831 JEHMLLKN_01556       -            888   9.9e-33  103.0  11.5   2   2   3.5e-11   1.3e-10   29.8   0.1   482   811   510   850   496   868 0.73 -
arrA                 -            846 JEHMLLKN_01556       -            888   2.7e-23   71.6   2.6   1   3   1.8e-17   6.4e-17   50.5   2.4     3   355    13   391    12   434 0.70 -
arrA                 -            846 JEHMLLKN_01556       -            888   2.7e-23   71.6   2.6   2   3     0.012     0.043    1.5   0.0   475   558   513   592   490   608 0.74 -
arrA                 -            846 JEHMLLKN_01556       -            888   2.7e-23   71.6   2.6   3   3   1.1e-06   4.2e-06   14.7   0.0   740   793   773   826   732   861 0.78 -
aioA                 -            837 JEHMLLKN_01556       -            888   1.9e-14   41.8   0.0   1   3   6.9e-09   2.5e-08   21.6   0.0    98   166   107   182    60   208 0.83 -
aioA                 -            837 JEHMLLKN_01556       -            888   1.9e-14   41.8   0.0   2   3     0.014     0.052    0.7   0.0   516   584   526   595   503   599 0.78 -
aioA                 -            837 JEHMLLKN_01556       -            888   1.9e-14   41.8   0.0   3   3   5.4e-07     2e-06   15.3   0.0   740   787   779   826   759   847 0.84 -
arxA                 -            831 JEHMLLKN_01563       -            886     3e-43  137.8   0.5   1   2   1.6e-34   5.9e-34  107.0   1.4     5   369     3   377     1   415 0.78 -
arxA                 -            831 JEHMLLKN_01563       -            886     3e-43  137.8   0.5   2   2   2.1e-10   7.8e-10   27.2   0.0   500   789   530   824   495   863 0.72 -
arrA                 -            846 JEHMLLKN_01563       -            886   1.8e-32  102.0   1.3   1   2   2.9e-29   1.1e-28   89.5   0.4     3   387     6   410     4   436 0.74 -
arrA                 -            846 JEHMLLKN_01563       -            886   1.8e-32  102.0   1.3   2   2   1.9e-05   6.8e-05   10.7   0.0   751   790   779   818   771   842 0.92 -
aioA                 -            837 JEHMLLKN_01563       -            886   6.7e-16   46.7   0.1   1   3   5.9e-11   2.2e-10   28.4   0.0    93   163    95   172    88   182 0.83 -
aioA                 -            837 JEHMLLKN_01563       -            886   6.7e-16   46.7   0.1   2   3   0.00082     0.003    4.8   0.1   290   373   275   369   245   380 0.66 -
aioA                 -            837 JEHMLLKN_01563       -            886   6.7e-16   46.7   0.1   3   3   0.00011    0.0004    7.7   0.0   517   623   529   633   510   824 0.62 -
arsM                 -            269 JEHMLLKN_01616       -            247   1.3e-15   47.2   0.0   1   2   2.4e-16   2.6e-15   46.2   0.0    82   186    57   162    51   169 0.87 -
arsM                 -            269 JEHMLLKN_01616       -            247   1.3e-15   47.2   0.0   2   2      0.33       3.6   -3.4   0.0   218   233   214   229   210   232 0.78 -
arxA                 -            831 JEHMLLKN_01856       -            907   1.7e-71  231.2  10.5   1   4   1.1e-57   4.1e-57  183.6   0.9     7   303     7   301     4   314 0.88 -
arxA                 -            831 JEHMLLKN_01856       -            907   1.7e-71  231.2  10.5   2   4   2.3e-07   8.5e-07   17.2   0.2   336   409   365   454   348   464 0.75 -
arxA                 -            831 JEHMLLKN_01856       -            907   1.7e-71  231.2  10.5   3   4     1e-06   3.8e-06   15.0   0.0   474   554   542   623   519   681 0.83 -
arxA                 -            831 JEHMLLKN_01856       -            907   1.7e-71  231.2  10.5   4   4   6.9e-08   2.5e-07   18.9   0.0   736   791   808   862   790   906 0.71 -
arrA                 -            846 JEHMLLKN_01856       -            907     2e-50  161.4   0.1   1   4   3.2e-43   1.2e-42  135.7   0.0     2   287     7   301     6   309 0.89 -
arrA                 -            846 JEHMLLKN_01856       -            907     2e-50  161.4   0.1   2   4   2.5e-06   9.2e-06   13.6   0.0   321   396   366   456   352   471 0.72 -
arrA                 -            846 JEHMLLKN_01856       -            907     2e-50  161.4   0.1   3   4     0.027     0.097    0.3   0.0   487   525   565   602   544   628 0.77 -
arrA                 -            846 JEHMLLKN_01856       -            907     2e-50  161.4   0.1   4   4   0.00045    0.0017    6.1   0.0   746   846   809   906   785   906 0.75 -
aioA                 -            837 JEHMLLKN_01856       -            907   7.8e-24   72.9   1.7   1   3   9.8e-19   3.6e-18   54.2   1.1    23   310    23   298     6   337 0.78 -
aioA                 -            837 JEHMLLKN_01856       -            907   7.8e-24   72.9   1.7   2   3    0.0031     0.012    2.9   0.0   517   548   567   598   558   621 0.86 -
aioA                 -            837 JEHMLLKN_01856       -            907   7.8e-24   72.9   1.7   3   3   9.6e-06   3.5e-05   11.2   0.0   729   778   797   848   760   859 0.83 -
arxA                 -            831 JEHMLLKN_02004       -            912   1.7e-68  221.3   6.8   1   3     5e-55   1.8e-54  174.9   0.8     7   302     7   304     2   327 0.85 -
arxA                 -            831 JEHMLLKN_02004       -            912   1.7e-68  221.3   6.8   2   3   1.1e-12   4.2e-12   34.8   0.2   336   536   369   610   352   709 0.73 -
arxA                 -            831 JEHMLLKN_02004       -            912   1.7e-68  221.3   6.8   3   3   1.3e-05   4.8e-05   11.4   0.0   734   830   811   910   793   911 0.67 -
arrA                 -            846 JEHMLLKN_02004       -            912   5.3e-42  133.5   0.0   1   3     2e-34   7.4e-34  106.5   0.0     3   279     8   296     6   312 0.76 -
arrA                 -            846 JEHMLLKN_02004       -            912   5.3e-42  133.5   0.0   2   3   8.2e-08     3e-07   18.5   0.0   310   402   360   464   350   477 0.69 -
arrA                 -            846 JEHMLLKN_02004       -            912   5.3e-42  133.5   0.0   3   3    0.0016    0.0058    4.3   0.0   746   845   814   910   789   911 0.64 -
aioA                 -            837 JEHMLLKN_02004       -            912   4.5e-21   63.8   1.2   1   3   1.4e-16   5.3e-16   47.0   0.5    57   303    58   294     8   299 0.70 -
aioA                 -            837 JEHMLLKN_02004       -            912   4.5e-21   63.8   1.2   2   3     0.023     0.085    0.0   0.0   520   548   575   603   568   610 0.92 -
aioA                 -            837 JEHMLLKN_02004       -            912   4.5e-21   63.8   1.2   3   3   2.8e-06     1e-05   13.0   0.0   729   780   802   855   786   867 0.81 -
arxA                 -            831 JEHMLLKN_02196       -            883   8.6e-38  119.7   1.2   1   3     7e-20   2.6e-19   58.6   0.1     5   149     2   162     1   169 0.75 -
arxA                 -            831 JEHMLLKN_02196       -            883   8.6e-38  119.7   1.2   2   3   4.5e-13   1.7e-12   36.1   0.0   249   376   259   382   234   412 0.78 -
arxA                 -            831 JEHMLLKN_02196       -            883   8.6e-38  119.7   1.2   3   3   4.8e-08   1.8e-07   19.4   0.0   482   830   509   860   493   861 0.66 -
arrA                 -            846 JEHMLLKN_02196       -            883   1.3e-27   85.9   0.1   1   3   2.7e-24     1e-23   73.0   0.1     3   365     5   386     3   409 0.73 -
arrA                 -            846 JEHMLLKN_02196       -            883   1.3e-27   85.9   0.1   2   3     0.029      0.11    0.2   0.0   469   561   507   594   493   613 0.69 -
arrA                 -            846 JEHMLLKN_02196       -            883   1.3e-27   85.9   0.1   3   3   0.00015   0.00056    7.7   0.0   750   789   775   814   767   860 0.81 -
aioA                 -            837 JEHMLLKN_02196       -            883   2.6e-14   41.4   0.0   1   3     5e-10   1.8e-09   25.4   0.0    93   166    97   177    57   182 0.82 -
aioA                 -            837 JEHMLLKN_02196       -            883   2.6e-14   41.4   0.0   2   3     0.072      0.26   -1.6   0.0   291   334   275   318   261   434 0.60 -
aioA                 -            837 JEHMLLKN_02196       -            883   2.6e-14   41.4   0.0   3   3   3.6e-06   1.3e-05   12.6   0.0   520   779   529   810   523   821 0.71 -
arxA                 -            831 JEHMLLKN_02279       -            805   2.6e-56  181.0   5.0   1   3   1.7e-46   6.1e-46  146.7   2.9     6   406     6   406     1   426 0.85 -
arxA                 -            831 JEHMLLKN_02279       -            805   2.6e-56  181.0   5.0   2   3    0.0016     0.006    4.5   0.0   501   536   500   535   467   552 0.76 -
arxA                 -            831 JEHMLLKN_02279       -            805   2.6e-56  181.0   5.0   3   3   1.1e-10     4e-10   28.2   0.0   649   809   630   783   572   805 0.72 -
arrA                 -            846 JEHMLLKN_02279       -            805   7.1e-38  119.8   3.8   1   2   2.3e-33   8.3e-33  103.1   2.1     3   515     8   523     6   534 0.75 -
arrA                 -            846 JEHMLLKN_02279       -            805   7.1e-38  119.8   3.8   2   2   5.6e-07   2.1e-06   15.8   0.0   746   799   713   764   692   803 0.78 -
aioA                 -            837 JEHMLLKN_02279       -            805   2.2e-20   61.5   1.2   1   2   1.1e-17   4.2e-17   50.6   0.7    98   596    96   581    75   601 0.73 -
aioA                 -            837 JEHMLLKN_02279       -            805   2.2e-20   61.5   1.2   2   2   0.00067    0.0025    5.1   0.0   742   787   715   760   709   785 0.81 -
arxA                 -            831 JEHMLLKN_02299       -            888   3.2e-38  121.1   0.0   1   1   4.9e-38   1.8e-37  118.7   0.0     7   829    12   867     9   868 0.73 -
arrA                 -            846 JEHMLLKN_02299       -            888   2.2e-24   75.2   0.0   1   3     2e-19   7.3e-19   56.9   0.0     3   395    13   417    12   425 0.76 -
arrA                 -            846 JEHMLLKN_02299       -            888   2.2e-24   75.2   0.0   2   3     0.013     0.047    1.3   0.0   504   631   538   667   510   676 0.63 -
arrA                 -            846 JEHMLLKN_02299       -            888   2.2e-24   75.2   0.0   3   3   5.1e-06   1.9e-05   12.6   0.0   748   798   782   830   773   860 0.87 -
aioA                 -            837 JEHMLLKN_02299       -            888   1.6e-13   38.8   0.0   1   3   2.3e-10   8.4e-10   26.5   0.1    96   237    99   240    12   263 0.81 -
aioA                 -            837 JEHMLLKN_02299       -            888   1.6e-13   38.8   0.0   2   3     0.028       0.1   -0.3   0.0   520   548   526   554   511   564 0.87 -
aioA                 -            837 JEHMLLKN_02299       -            888   1.6e-13   38.8   0.0   3   3   8.6e-05   0.00032    8.0   0.0   742   768   782   808   776   825 0.90 -
arxA                 -            831 JEHMLLKN_02322       -            728   1.9e-32  102.0   1.6   1   3   3.7e-20   1.4e-19   59.5   0.1    59   305     6   247     2   251 0.85 -
arxA                 -            831 JEHMLLKN_02322       -            728   1.9e-32  102.0   1.6   2   3   9.6e-10   3.5e-09   25.1   0.3   326   590   246   509   244   518 0.75 -
arxA                 -            831 JEHMLLKN_02322       -            728   1.9e-32  102.0   1.6   3   3   6.5e-07   2.4e-06   15.7   0.0   677   784   549   656   542   674 0.73 -
arrA                 -            846 JEHMLLKN_02322       -            728   2.2e-25   78.5   2.1   1   4   1.6e-15   5.8e-15   44.0   0.0    48   289     6   247     2   251 0.84 -
arrA                 -            846 JEHMLLKN_02322       -            728   2.2e-25   78.5   2.1   2   4   2.4e-10     9e-10   26.9   0.8   305   386   241   320   238   339 0.82 -
arrA                 -            846 JEHMLLKN_02322       -            728   2.2e-25   78.5   2.1   3   4       0.1      0.37   -1.6   0.0   476   514   410   448   394   467 0.84 -
arrA                 -            846 JEHMLLKN_02322       -            728   2.2e-25   78.5   2.1   4   4   0.00011   0.00041    8.1   0.0   746   792   609   655   602   669 0.90 -
aioA                 -            837 JEHMLLKN_02322       -            728   4.8e-23   70.3   0.1   1   3     3e-14   1.1e-13   39.3   0.1    91   381    33   288     6   294 0.78 -
aioA                 -            837 JEHMLLKN_02322       -            728   4.8e-23   70.3   0.1   2   3     0.013     0.047    0.8   0.0   521   586   427   492   414   505 0.83 -
aioA                 -            837 JEHMLLKN_02322       -            728   4.8e-23   70.3   0.1   3   3   8.8e-09   3.2e-08   21.2   0.0   664   805   536   674   515   692 0.79 -
arxA                 -            831 JEHMLLKN_02347       -            952   2.5e-35  111.6  10.1   1   4   5.1e-23   1.9e-22   69.0   3.7    48   303    37   293     5   299 0.80 -
arxA                 -            831 JEHMLLKN_02347       -            952   2.5e-35  111.6  10.1   2   4     0.059      0.22   -0.7   0.0   340   404   385   448   373   464 0.74 -
arxA                 -            831 JEHMLLKN_02347       -            952   2.5e-35  111.6  10.1   3   4   2.3e-08   8.5e-08   20.5   0.1   443   547   529   631   507   639 0.77 -
arxA                 -            831 JEHMLLKN_02347       -            952   2.5e-35  111.6  10.1   4   4   5.1e-09   1.9e-08   22.7   0.0   737   781   822   866   814   901 0.93 -
arrA                 -            846 JEHMLLKN_02347       -            952   1.1e-28   89.5   4.2   1   4   2.6e-16   9.7e-16   46.6   1.1    46   286    46   292    15   298 0.81 -
arrA                 -            846 JEHMLLKN_02347       -            952   1.1e-28   89.5   4.2   2   4     0.022      0.08    0.6   0.0   315   399   378   458   372   468 0.82 -
arrA                 -            846 JEHMLLKN_02347       -            952   1.1e-28   89.5   4.2   3   4   1.7e-06   6.1e-06   14.2   0.0   449   521   543   617   517   646 0.84 -
arrA                 -            846 JEHMLLKN_02347       -            952   1.1e-28   89.5   4.2   4   4   7.6e-10   2.8e-09   25.2   0.0   746   789   822   865   819   904 0.95 -
aioA                 -            837 JEHMLLKN_02347       -            952   9.4e-17   49.5   0.0   1   3   9.9e-08   3.6e-07   17.8   0.0    62   172    48   155    34   171 0.82 -
aioA                 -            837 JEHMLLKN_02347       -            952   9.4e-17   49.5   0.0   2   3      0.14      0.52   -2.6   0.0   469   544   195   269   189   278 0.60 -
aioA                 -            837 JEHMLLKN_02347       -            952   9.4e-17   49.5   0.0   3   3   5.6e-11   2.1e-10   28.5   0.0   735   785   817   867   790   883 0.88 -
#
# Program:         hmmscan
# Version:         3.3.2 (Nov 2020)
# Pipeline mode:   SCAN
# Query file:      Enterorhabdus_mucosicola_19490/prokka/Enterorhabdus_mucosicola_19490.faa
# Target file:     /Volumes/Gabri_Bio/Arsenic_project/ars/genes.hmm
# Option settings: hmmscan -o hmmscanned_prokka/Enterorhabdus_mucosicola_19490_anvio.stdout.txt --domtblout hmmscanned_prokka/Enterorhabdus_mucosicola_19490_anvio.tbl.txt -E 0.0000000001 --cpu 4 /Volumes/Gabri_Bio/Arsenic_project/ars/genes.hmm Enterorhabdus_mucosicola_19490/prokka/Enterorhabdus_mucosicola_19490.faa 
# Current dir:     /Volumes/Gabri_Bio/Arsenic_project/Genomes/Genomes_from_NCBI
# Date:            Sun Jan  9 23:10:52 2022
# [ok]
