#                                                                            --- full sequence --- -------------- this domain -------------   hmm coord   ali coord   env coord
# target name        accession   tlen query name           accession   qlen   E-value  score  bias   #  of  c-Evalue  i-Evalue  score  bias  from    to  from    to  from    to  acc description of target
#------------------- ---------- ----- -------------------- ---------- ----- --------- ------ ----- --- --- --------- --------- ------ ----- ----- ----- ----- ----- ----- ----- ---- ---------------------
arsA                 -            346 OFFBHNLA_00208       -            265   9.8e-13   37.5   0.1   1   2   2.8e-13   3.1e-12   35.8   0.0    18    60     7    49     1    78 0.81 -
arsA                 -            346 OFFBHNLA_00208       -            265   9.8e-13   37.5   0.1   2   2     0.047      0.51   -1.1   0.0   232   273   164   205   132   214 0.79 -
arxA                 -            831 OFFBHNLA_00408       -            559   1.3e-25   79.5   0.3   1   3   4.4e-10   1.6e-09   26.2   0.1   247   313    33    99     7   105 0.85 -
arxA                 -            831 OFFBHNLA_00408       -            559   1.3e-25   79.5   0.3   2   3   4.1e-13   1.5e-12   36.2   0.0   343   578   106   339    99   359 0.74 -
arxA                 -            831 OFFBHNLA_00408       -            559   1.3e-25   79.5   0.3   3   3   2.4e-06   8.6e-06   13.9   0.0   735   783   451   499   405   533 0.85 -
aioA                 -            837 OFFBHNLA_00408       -            559   1.2e-22   69.0   0.1   1   3   2.9e-07     1e-06   16.2   0.0   271   435    38   180    12   209 0.81 -
aioA                 -            837 OFFBHNLA_00408       -            559   1.2e-22   69.0   0.1   2   3   9.9e-06   3.6e-05   11.2   0.0   520   586   268   334   256   344 0.91 -
aioA                 -            837 OFFBHNLA_00408       -            559   1.2e-22   69.0   0.1   3   3     6e-14   2.2e-13   38.3   0.0   626   826   344   540   334   549 0.78 -
arrA                 -            846 OFFBHNLA_00408       -            559   2.5e-15   45.2   0.3   1   3   2.2e-08   8.1e-08   20.4   0.0   229   296    31    98     7   104 0.79 -
arrA                 -            846 OFFBHNLA_00408       -            559   2.5e-15   45.2   0.3   2   3   0.00018   0.00065    7.5   0.1   324   514   103   290    96   344 0.57 -
arrA                 -            846 OFFBHNLA_00408       -            559   2.5e-15   45.2   0.3   3   3     6e-06   2.2e-05   12.3   0.0   745   788   452   495   395   510 0.86 -
arsA                 -            346 OFFBHNLA_01200       -            255   8.7e-11   31.1   0.6   1   1   1.7e-11   1.9e-10   30.0   0.6    18   151     5   136     2   139 0.66 -
arsA                 -            346 OFFBHNLA_01210       -            265   1.4e-11   33.6   5.8   1   3   1.2e-10   1.3e-09   27.2   1.8    17    52     5    40     2    68 0.92 -
arsA                 -            346 OFFBHNLA_01210       -            265   1.4e-11   33.6   5.8   2   3    0.0064      0.07    1.8   0.0   128   152    96   120    61   124 0.84 -
arsA                 -            346 OFFBHNLA_01210       -            265   1.4e-11   33.6   5.8   3   3   0.00064     0.007    5.1   0.0   234   269   139   174   132   191 0.89 -
arsA                 -            346 OFFBHNLA_01651       -            285   2.3e-11   32.9   5.4   1   2   3.9e-12   4.3e-11   32.1   0.3    10    52    26    69    15    73 0.82 -
arsA                 -            346 OFFBHNLA_01651       -            285   2.3e-11   32.9   5.4   2   2     0.003     0.033    2.8   0.7   229   268   164   203    80   225 0.80 -
arxA                 -            831 OFFBHNLA_01711       -            650     5e-21   64.3  10.6   1   3   2.8e-20   1.5e-19   59.4   0.3    63   307    11   241     3   250 0.83 -
arxA                 -            831 OFFBHNLA_01711       -            650     5e-21   64.3  10.6   2   3   7.1e-05   0.00039    8.4   3.1   479   678   367   567   350   574 0.83 -
arxA                 -            831 OFFBHNLA_01711       -            650     5e-21   64.3  10.6   3   3    0.0022     0.012    3.4   0.1   722   826   545   637   539   641 0.78 -
arrA                 -            846 OFFBHNLA_01711       -            650   1.3e-11   33.0   0.4   1   4   2.4e-12   1.3e-11   33.0   0.4    52   292    11   242     2   253 0.71 -
arrA                 -            846 OFFBHNLA_01711       -            650   1.3e-11   33.0   0.4   2   4      0.21       1.2   -3.3   0.0   471   525   369   422   358   434 0.72 -
arrA                 -            846 OFFBHNLA_01711       -            650   1.3e-11   33.0   0.4   3   4     0.093      0.51   -2.1   0.2   640   656   503   520   491   532 0.78 -
arrA                 -            846 OFFBHNLA_01711       -            650   1.3e-11   33.0   0.4   4   4      0.14      0.75   -2.6   0.0   740   778   554   592   548   604 0.83 -
arxA                 -            831 OFFBHNLA_02532       -            534   2.9e-27   84.9   0.2   1   3   3.1e-08   1.1e-07   20.1   0.0   246   309    36    96     9   103 0.82 -
arxA                 -            831 OFFBHNLA_02532       -            534   2.9e-27   84.9   0.2   2   3     3e-14   1.1e-13   40.0   0.0   340   566   104   333    97   353 0.76 -
arxA                 -            831 OFFBHNLA_02532       -            534   2.9e-27   84.9   0.2   3   3   1.1e-08   4.1e-08   21.6   0.0   734   783   444   493   414   509 0.88 -
aioA                 -            837 OFFBHNLA_02532       -            534   2.7e-24   74.4   0.4   1   3     0.056      0.21   -1.3   0.0   219   240     3    25     1    29 0.81 -
aioA                 -            837 OFFBHNLA_02532       -            534   2.7e-24   74.4   0.4   2   3   2.2e-12   8.1e-12   33.1   0.1   295   586    55   334    31   337 0.72 -
aioA                 -            837 OFFBHNLA_02532       -            534   2.7e-24   74.4   0.4   3   3     9e-13   3.3e-12   34.4   0.0   722   803   429   510   402   531 0.79 -
arrA                 -            846 OFFBHNLA_02532       -            534   2.1e-21   65.4   0.5   1   5   6.1e-09   2.2e-08   22.3   0.0   229   297    32   100     9   103 0.84 -
arrA                 -            846 OFFBHNLA_02532       -            534   2.1e-21   65.4   0.5   2   5   7.9e-05   0.00029    8.6   0.0   313   390    94   169    88   182 0.79 -
arrA                 -            846 OFFBHNLA_02532       -            534   2.1e-21   65.4   0.5   3   5     0.002    0.0074    4.0   0.0   477   522   253   297   213   323 0.82 -
arrA                 -            846 OFFBHNLA_02532       -            534   2.1e-21   65.4   0.5   4   5   0.00088    0.0032    5.2   0.0   406   446   339   384   326   389 0.82 -
arrA                 -            846 OFFBHNLA_02532       -            534   2.1e-21   65.4   0.5   5   5   3.2e-08   1.2e-07   19.9   0.0   738   786   439   487   387   498 0.83 -
arxA                 -            831 OFFBHNLA_02533       -            354   3.7e-11   31.6   0.3   1   1   4.4e-12   4.9e-11   31.2   0.3    40   152   206   312   189   335 0.82 -
arsC                 -            123 OFFBHNLA_02567       -            116   2.1e-36  114.4   0.4   1   1   4.2e-37   2.3e-36  114.3   0.4     5   117     2   115     1   116 0.97 -
arsC_glut            -            117 OFFBHNLA_02567       -            116   3.4e-23   71.9   0.0   1   1   6.6e-24   3.6e-23   71.8   0.0     5   114     2   113     1   116 0.95 -
arsB                 -            430 OFFBHNLA_02923       -            419   2.7e-40  128.1  42.8   1   1   2.7e-41     3e-40  128.0  42.8     4   425     5   417     1   419 0.89 -
arsA                 -            346 OFFBHNLA_03873       -            268   3.6e-15   45.5   1.1   1   2   6.8e-13   7.5e-12   34.6   0.0    19   154     6   132     1   136 0.74 -
arsA                 -            346 OFFBHNLA_03873       -            268   3.6e-15   45.5   1.1   2   2   3.4e-05   0.00037    9.2   0.6   244   300   207   262   204   267 0.91 -
#
# Program:         hmmscan
# Version:         3.3.2 (Nov 2020)
# Pipeline mode:   SCAN
# Query file:      Terrisporobacter_glycolicus_29186/prokka/Terrisporobacter_glycolicus_29186.faa
# Target file:     /Volumes/Gabri_Bio/Arsenic_project/ars/genes.hmm
# Option settings: hmmscan -o hmmscanned_prokka/Terrisporobacter_glycolicus_29186_anvio.stdout.txt --domtblout hmmscanned_prokka/Terrisporobacter_glycolicus_29186_anvio.tbl.txt -E 0.0000000001 --cpu 4 /Volumes/Gabri_Bio/Arsenic_project/ars/genes.hmm Terrisporobacter_glycolicus_29186/prokka/Terrisporobacter_glycolicus_29186.faa 
# Current dir:     /Volumes/Gabri_Bio/Arsenic_project/Genomes/Assembled
# Date:            Sun Jan  9 16:22:15 2022
# [ok]
