#                                                                            --- full sequence --- -------------- this domain -------------   hmm coord   ali coord   env coord
# target name        accession   tlen query name           accession   qlen   E-value  score  bias   #  of  c-Evalue  i-Evalue  score  bias  from    to  from    to  from    to  acc description of target
#------------------- ---------- ----- -------------------- ---------- ----- --------- ------ ----- --- --- --------- --------- ------ ----- ----- ----- ----- ----- ----- ----- ---- ---------------------
arxA                 -            831 ECEGEIHF_00024       -            788   2.1e-43  138.3   0.0   1   1     5e-42   1.8e-41  131.9   0.0     8   828     2   785     1   788 0.72 -
arrA                 -            846 ECEGEIHF_00024       -            788   2.7e-35  111.3   0.0   1   3   4.7e-30   1.7e-29   92.1   0.0     3   389     2   382     1   411 0.80 -
arrA                 -            846 ECEGEIHF_00024       -            788   2.7e-35  111.3   0.0   2   3   0.00092    0.0034    5.1   0.0   489   584   475   572   422   602 0.66 -
arrA                 -            846 ECEGEIHF_00024       -            788   2.7e-35  111.3   0.0   3   3   2.2e-05   7.9e-05   10.5   0.0   743   836   692   780   677   788 0.79 -
aioA                 -            837 ECEGEIHF_00024       -            788   1.6e-15   45.4   0.2   1   3     7e-09   2.6e-08   21.6   0.1    98   161    79   140    55   148 0.90 -
aioA                 -            837 ECEGEIHF_00024       -            788   1.6e-15   45.4   0.2   2   3   0.00019   0.00069    6.9   0.0   278   335   240   297   223   353 0.64 -
aioA                 -            837 ECEGEIHF_00024       -            788   1.6e-15   45.4   0.2   3   3   2.5e-06   9.1e-06   13.1   0.0   742   784   697   739   683   757 0.83 -
arxA                 -            831 ECEGEIHF_00112       -           1041   8.1e-34  106.6   2.2   1   3   1.3e-26   4.8e-26   80.9   0.1     8   311     3   311     1   333 0.77 -
arxA                 -            831 ECEGEIHF_00112       -           1041   8.1e-34  106.6   2.2   2   3      0.21      0.77   -2.5   0.0   450   490   789   829   786   834 0.92 -
arxA                 -            831 ECEGEIHF_00112       -           1041   8.1e-34  106.6   2.2   3   3   1.2e-09   4.4e-09   24.8   0.0   734   831   943  1041   883  1041 0.78 -
aioA                 -            837 ECEGEIHF_00112       -           1041   8.7e-27   82.7   0.3   1   3   7.7e-15   2.8e-14   41.3   0.0    60   240    46   238    35   333 0.69 -
aioA                 -            837 ECEGEIHF_00112       -           1041   8.7e-27   82.7   0.3   2   3   9.3e-05   0.00034    7.9   0.0   525   596   624   694   594   742 0.89 -
aioA                 -            837 ECEGEIHF_00112       -           1041   8.7e-27   82.7   0.3   3   3   2.8e-10     1e-09   26.2   0.1   685   781   895   987   818  1021 0.84 -
arrA                 -            846 ECEGEIHF_00112       -           1041   7.9e-20   60.1   0.3   1   3   1.3e-17   4.7e-17   51.0   0.1     2   293     2   309     1   324 0.76 -
arrA                 -            846 ECEGEIHF_00112       -           1041   7.9e-20   60.1   0.3   2   3     0.083      0.31   -1.4   0.0   327   400   401   477   386   492 0.76 -
arrA                 -            846 ECEGEIHF_00112       -           1041   7.9e-20   60.1   0.3   3   3   0.00082     0.003    5.3   0.0   748   790   948   990   906  1032 0.82 -
arxA                 -            831 ECEGEIHF_00685       -            766     3e-44  141.1   7.5   1   3   1.4e-31   5.2e-31   97.3   0.2     7   306     6   281     2   301 0.79 -
arxA                 -            831 ECEGEIHF_00685       -            766     3e-44  141.1   7.5   2   3   4.6e-09   1.7e-08   22.8   1.3   344   588   350   576   343   585 0.73 -
arxA                 -            831 ECEGEIHF_00685       -            766     3e-44  141.1   7.5   3   3   3.2e-07   1.2e-06   16.7   0.0   736   789   680   731   646   766 0.82 -
arrA                 -            846 ECEGEIHF_00685       -            766   1.1e-33  106.0   4.2   1   4   3.7e-28   1.4e-27   85.8   0.1    39   287    37   278     6   309 0.78 -
arrA                 -            846 ECEGEIHF_00685       -            766   1.1e-33  106.0   4.2   2   4     0.033      0.12   -0.0   0.2   328   401   350   424   343   432 0.81 -
arrA                 -            846 ECEGEIHF_00685       -            766   1.1e-33  106.0   4.2   3   4   5.1e-05   0.00019    9.3   0.0   437   533   437   532   417   547 0.86 -
arrA                 -            846 ECEGEIHF_00685       -            766   1.1e-33  106.0   4.2   4   4   5.1e-05   0.00019    9.3   0.0   704   797   646   730   620   762 0.82 -
aioA                 -            837 ECEGEIHF_00685       -            766     2e-21   65.0   5.0   1   4   2.3e-10   8.3e-10   26.5   0.1    96   272    76   239    63   282 0.80 -
aioA                 -            837 ECEGEIHF_00685       -            766     2e-21   65.0   5.0   2   4      0.14      0.51   -2.6   0.1   414   435   403   424   395   426 0.87 -
aioA                 -            837 ECEGEIHF_00685       -            766     2e-21   65.0   5.0   3   4   5.6e-07   2.1e-06   15.3   0.0   512   586   485   559   478   567 0.81 -
aioA                 -            837 ECEGEIHF_00685       -            766     2e-21   65.0   5.0   4   4     2e-09   7.3e-09   23.4   0.0   665   794   594   735   583   752 0.73 -
arxA                 -            831 ECEGEIHF_00720       -            900   2.2e-51  164.7   1.9   1   3   3.4e-35   1.2e-34  109.3   0.8     6   306     4   301     1   305 0.77 -
arxA                 -            831 ECEGEIHF_00720       -            900   2.2e-51  164.7   1.9   2   3   4.3e-13   1.6e-12   36.1   0.0   344   530   381   566   372   591 0.79 -
arxA                 -            831 ECEGEIHF_00720       -            900   2.2e-51  164.7   1.9   3   3   1.6e-06   5.9e-06   14.4   0.0   648   780   675   811   628   859 0.71 -
arrA                 -            846 ECEGEIHF_00720       -            900   4.6e-38  120.4   0.4   1   3   9.3e-26   3.4e-25   77.9   0.1     2   289     5   300     4   304 0.80 -
arrA                 -            846 ECEGEIHF_00720       -            900   4.6e-38  120.4   0.4   2   3   3.4e-09   1.3e-08   23.1   0.0   330   581   383   619   373   695 0.61 -
arrA                 -            846 ECEGEIHF_00720       -            900   4.6e-38  120.4   0.4   3   3   1.2e-06   4.5e-06   14.6   0.1   748   788   770   810   766   817 0.94 -
aioA                 -            837 ECEGEIHF_00720       -            900   2.1e-25   78.1   0.9   1   4   1.3e-12   4.9e-12   33.9   0.0    56   180    48   173    25   178 0.78 -
aioA                 -            837 ECEGEIHF_00720       -            900   2.1e-25   78.1   0.9   2   4      0.01     0.037    1.2   0.0   297   334   265   302   248   339 0.75 -
aioA                 -            837 ECEGEIHF_00720       -            900   2.1e-25   78.1   0.9   3   4   6.9e-07   2.5e-06   15.0   0.0   508   561   524   580   514   602 0.82 -
aioA                 -            837 ECEGEIHF_00720       -            900   2.1e-25   78.1   0.9   4   4   2.4e-09   8.9e-09   23.1   0.0   697   780   727   808   716   851 0.75 -
arxA                 -            831 ECEGEIHF_00779       -            919   2.4e-42  134.8   7.3   1   3   1.4e-36     5e-36  113.9   1.3     8   305     8   294     3   342 0.81 -
arxA                 -            831 ECEGEIHF_00779       -            919   2.4e-42  134.8   7.3   2   3   1.9e-06   6.8e-06   14.2   0.1   476   529   523   578   507   617 0.82 -
arxA                 -            831 ECEGEIHF_00779       -            919   2.4e-42  134.8   7.3   3   3   0.00012   0.00044    8.2   0.0   734   769   833   868   818   874 0.89 -
aioA                 -            837 ECEGEIHF_00779       -            919   1.1e-32  102.2   4.0   1   3   1.9e-19   7.1e-19   56.5   1.0    59   314    47   293    15   344 0.83 -
aioA                 -            837 ECEGEIHF_00779       -            919   1.1e-32  102.2   4.0   2   3   1.7e-07   6.3e-07   17.0   0.0   515   583   545   613   526   625 0.88 -
aioA                 -            837 ECEGEIHF_00779       -            919   1.1e-32  102.2   4.0   3   3     1e-09   3.8e-09   24.3   0.1   695   773   792   869   781   894 0.91 -
arrA                 -            846 ECEGEIHF_00779       -            919   4.8e-26   80.7   1.7   1   3   5.2e-24   1.9e-23   72.1   0.3     2   288     7   293     6   308 0.84 -
arrA                 -            846 ECEGEIHF_00779       -            919   4.8e-26   80.7   1.7   2   3     0.087      0.32   -1.4   0.0   478   523   535   580   522   594 0.71 -
arrA                 -            846 ECEGEIHF_00779       -            919   4.8e-26   80.7   1.7   3   3   0.00038    0.0014    6.4   0.0   746   774   836   864   829   870 0.89 -
arxA                 -            831 ECEGEIHF_00805       -            842   5.6e-43  136.9   0.1   1   2   4.7e-25   1.7e-24   75.7   0.1    24   314     4   284     1   305 0.77 -
arxA                 -            831 ECEGEIHF_00805       -            842   5.6e-43  136.9   0.1   2   2   6.1e-20   2.2e-19   58.8   0.0   331   759   357   764   326   787 0.75 -
arrA                 -            846 ECEGEIHF_00805       -            842   4.2e-31   97.4   0.8   1   3   2.2e-20     8e-20   60.1   0.0    14   299     5   285     1   300 0.81 -
arrA                 -            846 ECEGEIHF_00805       -            842   4.2e-31   97.4   0.8   2   3   1.6e-11     6e-11   30.8   0.1   297   522   339   551   322   682 0.78 -
arrA                 -            846 ECEGEIHF_00805       -            842   4.2e-31   97.4   0.8   3   3     0.003     0.011    3.4   0.0   746   774   742   770   735   794 0.74 -
aioA                 -            837 ECEGEIHF_00805       -            842   1.6e-12   35.5   0.1   1   3   2.8e-08     1e-07   19.6   0.0   118   217    90   182    33   211 0.72 -
aioA                 -            837 ECEGEIHF_00805       -            842   1.6e-12   35.5   0.1   2   3     0.015     0.054    0.7   0.0   300   334   243   277   221   309 0.88 -
aioA                 -            837 ECEGEIHF_00805       -            842   1.6e-12   35.5   0.1   3   3   5.5e-05    0.0002    8.7   0.0   518   793   521   796   502   802 0.56 -
arxA                 -            831 ECEGEIHF_00808       -            842   1.6e-41  132.1   0.0   1   2   5.5e-24     3e-23   71.6   0.0    24   312     4   282     1   303 0.75 -
arxA                 -            831 ECEGEIHF_00808       -            842   1.6e-41  132.1   0.0   2   2   6.3e-20   3.5e-19   58.2   0.0   338   675   364   690   346   787 0.73 -
arrA                 -            846 ECEGEIHF_00808       -            842   2.8e-28   88.1   0.9   1   3   1.3e-20     7e-20   60.3   0.0    11   298     3   284     1   295 0.80 -
arrA                 -            846 ECEGEIHF_00808       -            842   2.8e-28   88.1   0.9   2   3   5.8e-10   3.2e-09   25.1   0.2   322   545   364   574   341   682 0.69 -
arrA                 -            846 ECEGEIHF_00808       -            842   2.8e-28   88.1   0.9   3   3     0.077      0.43   -1.8   0.0   747   777   743   773   738   791 0.75 -
arxA                 -            831 ECEGEIHF_01061       -            774   2.5e-21   65.3   0.1   1   2   5.1e-10   1.9e-09   26.0   0.0   124   308    86   277    31   286 0.75 -
arxA                 -            831 ECEGEIHF_01061       -            774   2.5e-21   65.3   0.1   2   2   1.6e-12   5.9e-12   34.3   0.1   343   827   295   760   289   762 0.72 -
arrA                 -            846 ECEGEIHF_01061       -            774   1.1e-17   53.1   1.1   1   3   1.8e-08   6.7e-08   20.7   0.1   206   395   184   361    64   379 0.70 -
arrA                 -            846 ECEGEIHF_01061       -            774   1.1e-17   53.1   1.1   2   3   0.00034    0.0012    6.6   0.0   476   565   444   531   425   565 0.83 -
arrA                 -            846 ECEGEIHF_01061       -            774   1.1e-17   53.1   1.1   3   3   7.2e-08   2.6e-07   18.7   0.1   745   805   671   728   658   762 0.79 -
aioA                 -            837 ECEGEIHF_01061       -            774   3.5e-12   34.4   0.1   1   4   1.3e-07   4.9e-07   17.3   0.0   129   172    86   129    73   134 0.87 -
aioA                 -            837 ECEGEIHF_01061       -            774   3.5e-12   34.4   0.1   2   4    0.0034     0.012    2.8   0.0   304   336   246   278   221   321 0.63 -
aioA                 -            837 ECEGEIHF_01061       -            774   3.5e-12   34.4   0.1   3   4    0.0003    0.0011    6.3   0.0   526   586   466   529   457   542 0.78 -
aioA                 -            837 ECEGEIHF_01061       -            774   3.5e-12   34.4   0.1   4   4    0.0049     0.018    2.2   0.0   740   777   672   709   646   718 0.90 -
arsM                 -            269 ECEGEIHF_01350       -            259   6.5e-12   35.1   0.0   1   1     1e-12   1.1e-11   34.3   0.0    79   187    69   175    66   183 0.90 -
arxA                 -            831 ECEGEIHF_01402       -           1252   1.2e-12   36.6   0.5   1   4   0.00022    0.0012    6.7   0.0    60   119    50   116    16   120 0.76 -
arxA                 -            831 ECEGEIHF_01402       -           1252   1.2e-12   36.6   0.5   2   4   2.2e-05   0.00012   10.1   0.0   248   298   269   319   233   334 0.78 -
arxA                 -            831 ECEGEIHF_01402       -           1252   1.2e-12   36.6   0.5   3   4    0.0015    0.0084    4.0   0.0   344   370   508   534   502   579 0.85 -
arxA                 -            831 ECEGEIHF_01402       -           1252   1.2e-12   36.6   0.5   4   4   1.8e-05   9.9e-05   10.4   0.0   502   589   773   857   759   879 0.84 -
arrA                 -            846 ECEGEIHF_01402       -           1252   3.7e-11   31.5   1.5   1   4    0.0093     0.051    1.2   0.1    51   109    52   117    33   131 0.74 -
arrA                 -            846 ECEGEIHF_01402       -           1252   3.7e-11   31.5   1.5   2   4   1.2e-06   6.7e-06   14.1   0.0   208   279   247   316   231   330 0.89 -
arrA                 -            846 ECEGEIHF_01402       -           1252   3.7e-11   31.5   1.5   3   4   9.4e-06   5.2e-05   11.1   0.0   328   358   508   538   500   581 0.79 -
arrA                 -            846 ECEGEIHF_01402       -           1252   3.7e-11   31.5   1.5   4   4      0.02      0.11    0.1   0.0   488   521   768   800   757   843 0.70 -
arxA                 -            831 ECEGEIHF_01468       -            734   2.1e-46  148.2   0.5   1   3   3.6e-30   1.3e-29   92.7   0.1     4   303     4   282     1   284 0.77 -
arxA                 -            831 ECEGEIHF_01468       -            734   2.1e-46  148.2   0.5   2   3   2.8e-12     1e-11   33.5   0.0   324   574   281   525   280   589 0.79 -
arxA                 -            831 ECEGEIHF_01468       -            734   2.1e-46  148.2   0.5   3   3   1.4e-08     5e-08   21.3   0.0   735   786   650   699   627   733 0.77 -
arrA                 -            846 ECEGEIHF_01468       -            734   7.3e-27   83.4   0.9   1   3   3.2e-21   1.2e-20   62.9   0.1     5   299    10   294     6   317 0.71 -
arrA                 -            846 ECEGEIHF_01468       -            734   7.3e-27   83.4   0.9   2   3     0.083       0.3   -1.3   0.0   477   532   441   496   424   502 0.78 -
arrA                 -            846 ECEGEIHF_01468       -            734   7.3e-27   83.4   0.9   3   3   2.7e-07   9.8e-07   16.8   0.1   746   793   652   699   645   708 0.94 -
aioA                 -            837 ECEGEIHF_01468       -            734   1.2e-23   72.3   0.0   1   3   1.8e-13   6.7e-13   36.7   0.0    64   167    51   150    33   151 0.88 -
aioA                 -            837 ECEGEIHF_01468       -            734   1.2e-23   72.3   0.0   2   3   1.4e-06   5.1e-06   14.0   0.0   281   548   241   485   227   562 0.70 -
aioA                 -            837 ECEGEIHF_01468       -            734   1.2e-23   72.3   0.0   3   3     1e-07   3.7e-07   17.7   0.0   685   786   599   698   572   708 0.70 -
arxA                 -            831 ECEGEIHF_01474       -            889   9.7e-62  198.9   0.4   1   3   8.2e-44     3e-43  137.8   1.9     7   307     5   301     1   337 0.81 -
arxA                 -            831 ECEGEIHF_01474       -            889   9.7e-62  198.9   0.4   2   3   2.2e-12     8e-12   33.8   0.0   353   529   389   563   370   603 0.76 -
arxA                 -            831 ECEGEIHF_01474       -            889   9.7e-62  198.9   0.4   3   3   1.3e-08   4.6e-08   21.4   0.0   652   829   676   857   637   859 0.69 -
arrA                 -            846 ECEGEIHF_01474       -            889   1.5e-44  141.9   0.1   1   3   7.2e-32   2.6e-31   98.1   0.1     2   292     5   302     4   339 0.79 -
arrA                 -            846 ECEGEIHF_01474       -            889   1.5e-44  141.9   0.1   2   3   4.4e-07   1.6e-06   16.1   0.0   451   515   494   558   422   615 0.91 -
arrA                 -            846 ECEGEIHF_01474       -            889   1.5e-44  141.9   0.1   3   3   1.8e-09   6.7e-09   24.0   0.0   691   836   719   851   634   859 0.76 -
aioA                 -            837 ECEGEIHF_01474       -            889   6.9e-25   76.4   2.9   1   4   6.9e-15   2.5e-14   41.4   0.2    27   169    17   157     6   177 0.77 -
aioA                 -            837 ECEGEIHF_01474       -            889   6.9e-25   76.4   2.9   2   4     0.011     0.041    1.1   0.0   282   334   249   301   242   334 0.76 -
aioA                 -            837 ECEGEIHF_01474       -            889   6.9e-25   76.4   2.9   3   4   0.00017   0.00061    7.1   0.0   508   548   522   563   512   579 0.85 -
aioA                 -            837 ECEGEIHF_01474       -            889   6.9e-25   76.4   2.9   4   4   1.5e-09   5.5e-09   23.8   0.0   705   813   732   838   715   859 0.80 -
arxA                 -            831 ECEGEIHF_01623       -           1060   5.6e-23   70.7   1.5   1   3   2.8e-19     1e-18   56.6   0.9    45   337    13   301     2   310 0.75 -
arxA                 -            831 ECEGEIHF_01623       -           1060   5.6e-23   70.7   1.5   2   3     0.014      0.05    1.4   0.0   339   410   348   423   340   437 0.78 -
arxA                 -            831 ECEGEIHF_01623       -           1060   5.6e-23   70.7   1.5   3   3   0.00066    0.0024    5.8   0.0   734   779   927   972   913   977 0.87 -
arrA                 -            846 ECEGEIHF_01623       -           1060   4.6e-18   54.3   0.2   1   4   1.3e-07   4.7e-07   17.9   0.1    47   109    26    88     4   120 0.83 -
arrA                 -            846 ECEGEIHF_01623       -           1060   4.6e-18   54.3   0.2   2   4   9.4e-08   3.4e-07   18.3   0.0   236   296   223   283   191   310 0.80 -
arrA                 -            846 ECEGEIHF_01623       -           1060   4.6e-18   54.3   0.2   3   4   3.3e-05   0.00012    9.9   0.0   320   395   345   423   334   436 0.82 -
arrA                 -            846 ECEGEIHF_01623       -           1060   4.6e-18   54.3   0.2   4   4    0.0049     0.018    2.7   0.0   746   788   930   972   924   984 0.91 -
aioA                 -            837 ECEGEIHF_01623       -           1060   5.3e-16   47.0   0.0   1   3   6.7e-10   2.4e-09   25.0   0.0    85   435    50   430    14   437 0.74 -
aioA                 -            837 ECEGEIHF_01623       -           1060   5.3e-16   47.0   0.0   2   3    0.0076     0.028    1.6   0.0   537   590   603   656   593   665 0.88 -
aioA                 -            837 ECEGEIHF_01623       -           1060   5.3e-16   47.0   0.0   3   3   2.1e-06   7.6e-06   13.4   0.0   716   778   906   968   891  1000 0.87 -
arsA                 -            346 ECEGEIHF_01759       -            258   1.5e-11   33.5   0.4   1   1   1.9e-12   2.1e-11   33.1   0.4    14   151     3   137     1   179 0.83 -
arsM                 -            269 ECEGEIHF_01776       -            237   6.1e-16   48.3   0.0   1   1   7.5e-17   8.3e-16   47.8   0.0    78   189    38   146    35   168 0.89 -
arrA                 -            846 ECEGEIHF_02180       -            849         0 1095.1   0.0   1   1         0         0 1094.9   0.0     1   845     1   844     1   845 0.97 -
arxA                 -            831 ECEGEIHF_02180       -            849  1.8e-228  750.5   0.0   1   1  5.6e-229    2e-228  750.3   0.0     6   830     1   844     1   845 0.91 -
aioA                 -            837 ECEGEIHF_02180       -            849   9.1e-60  191.8   0.0   1   1   6.5e-60   2.4e-59  190.4   0.0    63   800    49   806    44   845 0.79 -
#
# Program:         hmmscan
# Version:         3.3.2 (Nov 2020)
# Pipeline mode:   SCAN
# Query file:      Turicimonas_muris_26109/prokka/Turicimonas_muris_26109.faa
# Target file:     /Volumes/Gabri_Bio/Arsenic_project/ars/genes.hmm
# Option settings: hmmscan -o hmmscanned_prokka/Turicimonas_muris_26109_anvio.stdout.txt --domtblout hmmscanned_prokka/Turicimonas_muris_26109_anvio.tbl.txt -E 0.0000000001 --cpu 4 /Volumes/Gabri_Bio/Arsenic_project/ars/genes.hmm Turicimonas_muris_26109/prokka/Turicimonas_muris_26109.faa 
# Current dir:     /Volumes/Gabri_Bio/Arsenic_project/Genomes/Genomes_from_NCBI
# Date:            Sun Jan  9 23:49:20 2022
# [ok]
